1.362693e+16 6.429377e-32 8.761266e-16 1.613440e+01 -1.505743e+01
1.303445e+16 7.087954e-31 9.238759e-15 1.611509e+01 -1.403439e+01
1.249135e+16 7.203183e-31 8.997748e-15 1.609661e+01 -1.404587e+01
1.199170e+16 7.347982e-31 8.811477e-15 1.607888e+01 -1.405495e+01
1.153048e+16 7.632338e-31 8.800450e-15 1.606185e+01 -1.405550e+01
1.110342e+16 8.053572e-31 8.942221e-15 1.604546e+01 -1.404855e+01
1.070687e+16 8.112776e-31 8.686245e-15 1.602966e+01 -1.406117e+01
1.033767e+16 8.564515e-31 8.853713e-15 1.601442e+01 -1.405287e+01
9.993080e+15 8.467831e-31 8.461971e-15 1.599970e+01 -1.407253e+01
9.670723e+15 8.757727e-31 8.469355e-15 1.598546e+01 -1.407215e+01
9.368512e+15 8.894687e-31 8.332999e-15 1.597167e+01 -1.407920e+01
9.084618e+15 9.044441e-31 8.216530e-15 1.595831e+01 -1.408531e+01
8.817424e+15 9.001076e-31 7.936630e-15 1.594534e+01 -1.410036e+01
8.565497e+15 9.292939e-31 7.959865e-15 1.593275e+01 -1.409909e+01
8.327567e+15 1.112540e-30 9.264751e-15 1.592052e+01 -1.403317e+01
8.102497e+15 1.295244e-30 1.049471e-14 1.590862e+01 -1.397903e+01
7.889274e+15 1.247651e-30 9.843059e-15 1.589704e+01 -1.400687e+01
7.686985e+15 1.343152e-30 1.032479e-14 1.588576e+01 -1.398612e+01
7.494810e+15 1.635176e-30 1.225534e-14 1.587476e+01 -1.391167e+01
7.312010e+15 1.781442e-30 1.302592e-14 1.586404e+01 -1.388519e+01
7.137914e+15 1.741955e-30 1.243393e-14 1.585357e+01 -1.390539e+01
6.971916e+15 1.725096e-30 1.202722e-14 1.584335e+01 -1.391983e+01
6.813464e+15 1.895276e-30 1.291339e-14 1.583337e+01 -1.388896e+01
6.662053e+15 1.980408e-30 1.319359e-14 1.582361e+01 -1.387964e+01
6.517226e+15 1.897765e-30 1.236816e-14 1.581406e+01 -1.390769e+01
6.378562e+15 1.950705e-30 1.244269e-14 1.580472e+01 -1.390509e+01
6.245675e+15 2.094371e-30 1.308076e-14 1.579558e+01 -1.388337e+01
6.118212e+15 2.023270e-30 1.237880e-14 1.578662e+01 -1.390732e+01
5.995848e+15 2.242982e-30 1.344858e-14 1.577785e+01 -1.387132e+01
5.878282e+15 2.868310e-30 1.686074e-14 1.576925e+01 -1.377312e+01
5.765238e+15 3.232311e-30 1.863504e-14 1.576082e+01 -1.372967e+01
5.656460e+15 3.055252e-30 1.728191e-14 1.575254e+01 -1.376241e+01
5.551711e+15 2.815399e-30 1.563028e-14 1.574443e+01 -1.380603e+01
5.450771e+15 2.884875e-30 1.572479e-14 1.573646e+01 -1.380342e+01
5.353436e+15 3.480950e-30 1.863504e-14 1.572863e+01 -1.372967e+01
5.259516e+15 3.822976e-30 2.010700e-14 1.572095e+01 -1.369665e+01
5.168834e+15 3.855551e-30 1.992870e-14 1.571339e+01 -1.370052e+01
5.081227e+15 3.897051e-30 1.980180e-14 1.570597e+01 -1.370330e+01
4.996540e+15 3.585749e-30 1.791634e-14 1.569867e+01 -1.374675e+01
4.914630e+15 3.646393e-30 1.792067e-14 1.569149e+01 -1.374665e+01
4.835361e+15 4.204971e-30 2.033256e-14 1.568443e+01 -1.369181e+01
4.758610e+15 4.238739e-30 2.017050e-14 1.567748e+01 -1.369528e+01
4.684256e+15 4.479290e-30 2.098214e-14 1.567064e+01 -1.367815e+01
4.612191e+15 4.427500e-30 2.042047e-14 1.566391e+01 -1.368993e+01
4.542309e+15 4.387394e-30 1.992890e-14 1.565728e+01 -1.370052e+01
4.474513e+15 4.804398e-30 2.149734e-14 1.565075e+01 -1.366762e+01
4.408712e+15 4.670993e-30 2.059306e-14 1.564431e+01 -1.368628e+01
4.344817e+15 4.717137e-30 2.049510e-14 1.563797e+01 -1.368835e+01
4.282749e+15 4.684285e-30 2.006162e-14 1.563172e+01 -1.369763e+01
4.222428e+15 4.764447e-30 2.011754e-14 1.562556e+01 -1.369643e+01
4.163783e+15 5.349044e-30 2.227226e-14 1.561949e+01 -1.365224e+01
4.106745e+15 5.444409e-30 2.235880e-14 1.561350e+01 -1.365055e+01
4.051249e+15 5.450727e-30 2.208225e-14 1.560759e+01 -1.365596e+01
3.997232e+15 5.421702e-30 2.167180e-14 1.560176e+01 -1.366410e+01
3.944637e+15 5.275130e-30 2.080847e-14 1.559601e+01 -1.368176e+01
3.893408e+15 5.331138e-30 2.075629e-14 1.559033e+01 -1.368285e+01
3.843492e+15 5.452526e-30 2.095674e-14 1.558473e+01 -1.367868e+01
3.794841e+15 5.492803e-30 2.084431e-14 1.557919e+01 -1.368101e+01
3.747405e+15 5.718914e-30 2.143109e-14 1.557373e+01 -1.366896e+01
3.701141e+15 5.834770e-30 2.159530e-14 1.556834e+01 -1.366564e+01
3.656005e+15 5.953230e-30 2.176504e-14 1.556301e+01 -1.366224e+01
3.611957e+15 5.556350e-30 2.006929e-14 1.555774e+01 -1.369747e+01
3.568957e+15 5.552012e-30 1.981489e-14 1.555254e+01 -1.370301e+01
3.526969e+15 6.031404e-30 2.127258e-14 1.554740e+01 -1.367218e+01
3.485958e+15 6.135293e-30 2.138737e-14 1.554232e+01 -1.366984e+01
3.445890e+15 6.293717e-30 2.168746e-14 1.553730e+01 -1.366379e+01
3.406732e+15 6.373110e-30 2.171148e-14 1.553234e+01 -1.366331e+01
3.368454e+15 6.451144e-30 2.173038e-14 1.552743e+01 -1.366293e+01
3.331027e+15 6.466585e-30 2.154037e-14 1.552258e+01 -1.366675e+01
3.294422e+15 6.265710e-30 2.064189e-14 1.551778e+01 -1.368525e+01
3.258613e+15 3.296593e-29 1.074232e-13 1.551303e+01 -1.296890e+01
3.223574e+15 5.893714e-29 1.899882e-13 1.550834e+01 -1.272127e+01
3.189281e+15 9.256598e-29 2.952189e-13 1.550369e+01 -1.252986e+01
3.155709e+15 1.270294e-28 4.008680e-13 1.549910e+01 -1.239700e+01
3.122838e+15 1.546566e-28 4.829674e-13 1.549455e+01 -1.231608e+01
3.090643e+15 1.141420e-28 3.527721e-13 1.549005e+01 -1.245251e+01
3.059106e+15 1.077080e-28 3.294902e-13 1.548559e+01 -1.248216e+01
3.028206e+15 1.531761e-28 4.638489e-13 1.548119e+01 -1.233362e+01
2.997924e+15 1.670250e-28 5.007282e-13 1.547682e+01 -1.230040e+01
2.968242e+15 1.817387e-28 5.394445e-13 1.547250e+01 -1.226805e+01
2.939141e+15 1.388201e-28 4.080117e-13 1.546822e+01 -1.238933e+01
2.910606e+15 1.267483e-28 3.689144e-13 1.546398e+01 -1.243307e+01
2.882619e+15 1.931572e-28 5.567987e-13 1.545979e+01 -1.225430e+01
2.855166e+15 2.298011e-28 6.561203e-13 1.545563e+01 -1.218302e+01
2.828230e+15 2.109526e-28 5.966226e-13 1.545151e+01 -1.222430e+01
2.801798e+15 2.061160e-28 5.774953e-13 1.544744e+01 -1.223845e+01
2.775856e+15 2.060412e-28 5.719406e-13 1.544340e+01 -1.224265e+01
2.750389e+15 2.092892e-28 5.756267e-13 1.543939e+01 -1.223986e+01
2.725385e+15 2.221274e-28 6.053829e-13 1.543543e+01 -1.221797e+01
2.700832e+15 2.167163e-28 5.853144e-13 1.543150e+01 -1.223261e+01
2.676718e+15 2.046551e-28 5.478041e-13 1.542760e+01 -1.226137e+01
2.653030e+15 2.115549e-28 5.612615e-13 1.542374e+01 -1.225083e+01
2.629758e+15 2.215469e-28 5.826148e-13 1.541992e+01 -1.223462e+01
2.606890e+15 2.168514e-28 5.653079e-13 1.541612e+01 -1.224771e+01
2.584417e+15 2.214788e-28 5.723935e-13 1.541236e+01 -1.224231e+01
2.562328e+15 1.924518e-28 4.931247e-13 1.540863e+01 -1.230704e+01
2.540614e+15 1.876163e-28 4.766605e-13 1.540494e+01 -1.232179e+01
2.519264e+15 1.955067e-28 4.925330e-13 1.540127e+01 -1.230756e+01
2.498270e+15 1.626296e-28 4.062928e-13 1.539764e+01 -1.239116e+01
2.477623e+15 1.234727e-28 3.059187e-13 1.539404e+01 -1.251439e+01
2.457315e+15 1.092452e-28 2.684498e-13 1.539046e+01 -1.257114e+01
2.437337e+15 1.516351e-28 3.695858e-13 1.538692e+01 -1.243228e+01
2.417681e+15 2.449513e-28 5.922139e-13 1.538340e+01 -1.222752e+01
2.398339e+15 2.639526e-28 6.330480e-13 1.537991e+01 -1.219856e+01
2.379305e+15 2.354507e-28 5.602091e-13 1.537645e+01 -1.225165e+01
2.360570e+15 2.649453e-28 6.254219e-13 1.537302e+01 -1.220383e+01
2.342128e+15 2.687574e-28 6.294643e-13 1.536961e+01 -1.220103e+01
2.323972e+15 2.705686e-28 6.287939e-13 1.536623e+01 -1.220149e+01
2.306095e+15 2.286038e-28 5.271823e-13 1.536288e+01 -1.227804e+01
2.288492e+15 2.514084e-28 5.753461e-13 1.535955e+01 -1.224007e+01
2.271155e+15 2.671061e-28 6.066391e-13 1.535625e+01 -1.221707e+01
2.254078e+15 2.443885e-28 5.508709e-13 1.535297e+01 -1.225895e+01
2.237257e+15 2.419447e-28 5.412924e-13 1.534972e+01 -1.226657e+01
2.220684e+15 2.614299e-28 5.805532e-13 1.534649e+01 -1.223616e+01
2.204356e+15 2.440579e-28 5.379904e-13 1.534328e+01 -1.226923e+01
2.188266e+15 2.331753e-28 5.102495e-13 1.534010e+01 -1.229222e+01
2.172409e+15 2.272731e-28 4.937302e-13 1.533694e+01 -1.230651e+01
2.156780e+15 1.944756e-28 4.194411e-13 1.533381e+01 -1.237733e+01
2.141374e+15 2.203915e-28 4.719407e-13 1.533069e+01 -1.232611e+01
2.126187e+15 2.344545e-28 4.984943e-13 1.532760e+01 -1.230234e+01
2.111214e+15 2.254090e-28 4.758867e-13 1.532453e+01 -1.232250e+01
2.096450e+15 2.271847e-28 4.762815e-13 1.532148e+01 -1.232214e+01
2.081892e+15 2.355486e-28 4.903867e-13 1.531846e+01 -1.230946e+01
2.067534e+15 2.334459e-28 4.826572e-13 1.531545e+01 -1.231636e+01
2.053373e+15 2.323368e-28 4.770740e-13 1.531247e+01 -1.232141e+01
2.039404e+15 2.440461e-28 4.977086e-13 1.530950e+01 -1.230302e+01
2.025624e+15 2.495357e-28 5.054657e-13 1.530656e+01 -1.229631e+01
2.012030e+15 2.618141e-28 5.267776e-13 1.530363e+01 -1.227837e+01
1.998616e+15 2.451681e-28 4.899969e-13 1.530073e+01 -1.230981e+01
1.985380e+15 2.475493e-28 4.914795e-13 1.529784e+01 -1.230849e+01
1.972318e+15 2.486387e-28 4.903946e-13 1.529498e+01 -1.230945e+01
1.959427e+15 2.007219e-28 3.933000e-13 1.529213e+01 -1.240528e+01
1.946704e+15 1.629327e-28 3.171817e-13 1.528930e+01 -1.249869e+01
1.934145e+15 2.385100e-28 4.613128e-13 1.528649e+01 -1.233600e+01
1.921746e+15 2.575015e-28 4.948525e-13 1.528370e+01 -1.230552e+01
1.909506e+15 2.421145e-28 4.623190e-13 1.528092e+01 -1.233506e+01
1.897420e+15 2.442248e-28 4.633970e-13 1.527816e+01 -1.233405e+01
1.885487e+15 2.437560e-28 4.595987e-13 1.527542e+01 -1.233762e+01
1.873702e+15 2.321194e-28 4.349227e-13 1.527270e+01 -1.236159e+01
1.862065e+15 2.186860e-28 4.072074e-13 1.526999e+01 -1.239018e+01
1.850570e+15 2.216695e-28 4.102151e-13 1.526731e+01 -1.238699e+01
1.839217e+15 2.226696e-28 4.095377e-13 1.526463e+01 -1.238771e+01
1.828002e+15 2.268233e-28 4.146336e-13 1.526198e+01 -1.238234e+01
1.816924e+15 2.319225e-28 4.213855e-13 1.525934e+01 -1.237532e+01
1.805978e+15 2.183627e-28 3.943584e-13 1.525671e+01 -1.240411e+01
1.795164e+15 2.230165e-28 4.003512e-13 1.525410e+01 -1.239756e+01
1.784479e+15 2.420084e-28 4.318588e-13 1.525151e+01 -1.236466e+01
1.773920e+15 2.373007e-28 4.209523e-13 1.524893e+01 -1.237577e+01
1.763485e+15 2.330941e-28 4.110578e-13 1.524637e+01 -1.238610e+01
1.753172e+15 2.214402e-28 3.882228e-13 1.524382e+01 -1.241092e+01
1.742979e+15 2.167512e-28 3.777928e-13 1.524129e+01 -1.242275e+01
1.732904e+15 2.352997e-28 4.077518e-13 1.523877e+01 -1.238960e+01
1.722945e+15 2.415077e-28 4.161045e-13 1.523627e+01 -1.238080e+01
1.713099e+15 2.413750e-28 4.134995e-13 1.523378e+01 -1.238353e+01
1.703366e+15 2.452605e-28 4.177683e-13 1.523131e+01 -1.237906e+01
1.693742e+15 2.442487e-28 4.136944e-13 1.522885e+01 -1.238332e+01
1.684227e+15 2.454556e-28 4.134030e-13 1.522640e+01 -1.238363e+01
1.674818e+15 2.186536e-28 3.662050e-13 1.522397e+01 -1.243628e+01
1.665513e+15 2.424903e-28 4.038708e-13 1.522155e+01 -1.239376e+01
1.656312e+15 2.377686e-28 3.938189e-13 1.521914e+01 -1.240470e+01
1.647211e+15 2.464948e-28 4.060289e-13 1.521675e+01 -1.239144e+01
1.638210e+15 2.447018e-28 4.008730e-13 1.521437e+01 -1.239699e+01
1.629307e+15 2.357092e-28 3.840425e-13 1.521200e+01 -1.241562e+01
1.620499e+15 2.279378e-28 3.693732e-13 1.520965e+01 -1.243253e+01
1.611787e+15 2.270003e-28 3.658761e-13 1.520731e+01 -1.243667e+01
1.603168e+15 2.361084e-28 3.785213e-13 1.520498e+01 -1.242191e+01
1.594640e+15 2.328368e-28 3.712910e-13 1.520266e+01 -1.243029e+01
1.586203e+15 2.253492e-28 3.574496e-13 1.520036e+01 -1.244679e+01
1.577855e+15 2.250134e-28 3.550385e-13 1.519807e+01 -1.244972e+01
1.569594e+15 2.257110e-28 3.542745e-13 1.519579e+01 -1.245066e+01
1.561419e+15 2.210590e-28 3.451657e-13 1.519352e+01 -1.246197e+01
1.553328e+15 2.230007e-28 3.463934e-13 1.519126e+01 -1.246043e+01
1.545322e+15 2.371830e-28 3.665239e-13 1.518902e+01 -1.243590e+01
1.537397e+15 2.391349e-28 3.676453e-13 1.518679e+01 -1.243457e+01
1.529553e+15 2.355383e-28 3.602683e-13 1.518456e+01 -1.244337e+01
1.521789e+15 2.376930e-28 3.617185e-13 1.518235e+01 -1.244163e+01
1.514103e+15 2.464208e-28 3.731065e-13 1.518016e+01 -1.242817e+01
1.506494e+15 2.452748e-28 3.695051e-13 1.517797e+01 -1.243238e+01
1.498962e+15 2.419662e-28 3.626981e-13 1.517579e+01 -1.244045e+01
1.491504e+15 2.400135e-28 3.579812e-13 1.517362e+01 -1.244614e+01
1.484121e+15 2.499117e-28 3.708992e-13 1.517147e+01 -1.243074e+01
1.476810e+15 2.469790e-28 3.647410e-13 1.516932e+01 -1.243802e+01
1.469571e+15 2.485983e-28 3.653327e-13 1.516719e+01 -1.243731e+01
1.462402e+15 2.455210e-28 3.590504e-13 1.516507e+01 -1.244484e+01
1.455303e+15 2.299447e-28 3.346392e-13 1.516295e+01 -1.247542e+01
1.448272e+15 2.482243e-28 3.594964e-13 1.516085e+01 -1.244431e+01
1.441310e+15 2.592953e-28 3.737247e-13 1.515876e+01 -1.242745e+01
1.434413e+15 2.582082e-28 3.703774e-13 1.515667e+01 -1.243136e+01
1.427583e+15 2.417130e-28 3.450653e-13 1.515460e+01 -1.246210e+01
1.420817e+15 2.593723e-28 3.685206e-13 1.515254e+01 -1.243354e+01
1.414115e+15 2.574087e-28 3.640055e-13 1.515048e+01 -1.243889e+01
1.407476e+15 2.668455e-28 3.755786e-13 1.514844e+01 -1.242530e+01
1.400899e+15 2.481513e-28 3.476349e-13 1.514641e+01 -1.245888e+01
1.394383e+15 2.554854e-28 3.562446e-13 1.514438e+01 -1.244825e+01
1.387928e+15 2.569482e-28 3.566256e-13 1.514237e+01 -1.244779e+01
1.381532e+15 2.410852e-28 3.330669e-13 1.514036e+01 -1.247747e+01
1.375194e+15 2.426881e-28 3.337433e-13 1.513836e+01 -1.247659e+01
1.368915e+15 2.540549e-28 3.477796e-13 1.513638e+01 -1.245870e+01
1.362693e+15 2.705266e-28 3.686446e-13 1.513440e+01 -1.243339e+01
1.356527e+15 2.547065e-28 3.455162e-13 1.513243e+01 -1.246153e+01
1.350416e+15 2.392134e-28 3.230376e-13 1.513047e+01 -1.249075e+01
1.344361e+15 2.434963e-28 3.273468e-13 1.512852e+01 -1.248499e+01
1.338359e+15 2.456850e-28 3.288148e-13 1.512657e+01 -1.248305e+01
1.332411e+15 2.468860e-28 3.289536e-13 1.512464e+01 -1.248287e+01
1.326515e+15 2.527756e-28 3.353106e-13 1.512271e+01 -1.247455e+01
1.320671e+15 2.419874e-28 3.195859e-13 1.512079e+01 -1.249541e+01
1.314879e+15 2.495871e-28 3.281768e-13 1.511889e+01 -1.248389e+01
1.309137e+15 2.545367e-28 3.332235e-13 1.511699e+01 -1.247726e+01
1.303445e+15 2.458200e-28 3.204129e-13 1.511509e+01 -1.249429e+01
1.297803e+15 2.598784e-28 3.372708e-13 1.511321e+01 -1.247202e+01
1.292209e+15 2.570073e-28 3.321070e-13 1.511133e+01 -1.247872e+01
1.286663e+15 2.549488e-28 3.280331e-13 1.510946e+01 -1.248408e+01
1.281164e+15 2.510280e-28 3.216081e-13 1.510760e+01 -1.249267e+01
1.275712e+15 2.477373e-28 3.160416e-13 1.510575e+01 -1.250026e+01
1.270307e+15 2.621050e-28 3.329537e-13 1.510391e+01 -1.247762e+01
1.264947e+15 2.608262e-28 3.299312e-13 1.510207e+01 -1.248158e+01
1.259632e+15 2.541029e-28 3.200761e-13 1.510024e+01 -1.249475e+01
1.254362e+15 2.404855e-28 3.016557e-13 1.509842e+01 -1.252049e+01
1.249135e+15 2.477986e-28 3.095339e-13 1.509661e+01 -1.250929e+01
1.243952e+15 2.414754e-28 3.003837e-13 1.509480e+01 -1.252232e+01
1.238812e+15 2.567539e-28 3.180697e-13 1.509301e+01 -1.249748e+01
1.233714e+15 2.819564e-28 3.478535e-13 1.509121e+01 -1.245860e+01
1.228657e+15 2.707911e-28 3.327095e-13 1.508943e+01 -1.247793e+01
1.223642e+15 2.714383e-28 3.321434e-13 1.508765e+01 -1.247867e+01
1.218668e+15 2.829992e-28 3.448822e-13 1.508589e+01 -1.246233e+01
1.213734e+15 2.686753e-28 3.261004e-13 1.508412e+01 -1.248665e+01
1.208840e+15 2.643918e-28 3.196075e-13 1.508237e+01 -1.249538e+01
1.203986e+15 2.561441e-28 3.083938e-13 1.508062e+01 -1.251089e+01
1.199170e+15 2.746257e-28 3.293228e-13 1.507888e+01 -1.248238e+01
1.194392e+15 2.731030e-28 3.261920e-13 1.507715e+01 -1.248653e+01
1.189652e+15 2.598509e-28 3.091322e-13 1.507542e+01 -1.250986e+01
1.184950e+15 2.675928e-28 3.170842e-13 1.507370e+01 -1.249883e+01
1.180285e+15 2.716192e-28 3.205881e-13 1.507199e+01 -1.249405e+01
1.175656e+15 2.793143e-28 3.283776e-13 1.507028e+01 -1.248363e+01
1.171064e+15 2.894725e-28 3.389908e-13 1.506858e+01 -1.246981e+01
1.166507e+15 3.184178e-28 3.714367e-13 1.506689e+01 -1.243012e+01
1.161986e+15 2.883296e-28 3.350350e-13 1.506520e+01 -1.247491e+01
1.157500e+15 3.015838e-28 3.490831e-13 1.506352e+01 -1.245707e+01
1.153048e+15 2.972571e-28 3.427517e-13 1.506185e+01 -1.246502e+01
1.148630e+15 2.950739e-28 3.389307e-13 1.506018e+01 -1.246989e+01
1.144246e+15 3.158245e-28 3.613808e-13 1.505852e+01 -1.244203e+01
1.139895e+15 3.189214e-28 3.635369e-13 1.505686e+01 -1.243945e+01
1.135577e+15 4.021468e-28 4.566688e-13 1.505522e+01 -1.234040e+01
1.131292e+15 4.084278e-28 4.620512e-13 1.505357e+01 -1.233531e+01
1.127039e+15 4.205783e-28 4.740082e-13 1.505194e+01 -1.232421e+01
1.122818e+15 3.961210e-28 4.447718e-13 1.505031e+01 -1.235186e+01
1.118628e+15 4.075852e-28 4.559363e-13 1.504869e+01 -1.234110e+01
1.114470e+15 4.023153e-28 4.483683e-13 1.504707e+01 -1.234837e+01
1.110342e+15 4.074667e-28 4.524275e-13 1.504546e+01 -1.234445e+01
1.106245e+15 4.194143e-28 4.639749e-13 1.504385e+01 -1.233351e+01
1.102178e+15 3.780528e-28 4.166814e-13 1.504225e+01 -1.238020e+01
1.098141e+15 3.969915e-28 4.359525e-13 1.504066e+01 -1.236056e+01
1.094133e+15 3.631691e-28 3.973553e-13 1.503907e+01 -1.240082e+01
1.090154e+15 3.491851e-28 3.806656e-13 1.503749e+01 -1.241946e+01
1.086204e+15 3.940068e-28 4.279719e-13 1.503591e+01 -1.236858e+01
1.082283e+15 4.205532e-28 4.551576e-13 1.503434e+01 -1.234184e+01
1.078390e+15 3.959307e-28 4.269677e-13 1.503278e+01 -1.236960e+01
1.074525e+15 3.486806e-28 3.746660e-13 1.503122e+01 -1.242636e+01
1.070687e+15 2.968591e-28 3.178432e-13 1.502966e+01 -1.249779e+01
1.066877e+15 3.539569e-28 3.776284e-13 1.502811e+01 -1.242294e+01
1.063094e+15 4.588545e-28 4.878053e-13 1.502657e+01 -1.231175e+01
1.059337e+15 4.523831e-28 4.792262e-13 1.502503e+01 -1.231946e+01
1.055607e+15 4.486990e-28 4.736498e-13 1.502350e+01 -1.232454e+01
1.051903e+15 3.814440e-28 4.012422e-13 1.502198e+01 -1.239659e+01
1.048225e+15 4.367749e-28 4.578384e-13 1.502045e+01 -1.233929e+01
1.044573e+15 4.874427e-28 5.091694e-13 1.501894e+01 -1.229314e+01
1.040946e+15 4.824014e-28 5.021537e-13 1.501743e+01 -1.229916e+01
1.037344e+15 5.145571e-28 5.337727e-13 1.501592e+01 -1.227264e+01
1.033767e+15 5.849611e-28 6.047134e-13 1.501442e+01 -1.221845e+01
1.030214e+15 6.123621e-28 6.308643e-13 1.501293e+01 -1.220006e+01
1.026686e+15 5.936174e-28 6.094588e-13 1.501144e+01 -1.221506e+01
1.023182e+15 5.897962e-28 6.034690e-13 1.500995e+01 -1.221935e+01
1.019702e+15 5.892872e-28 6.008974e-13 1.500847e+01 -1.222120e+01
1.016245e+15 5.933028e-28 6.029413e-13 1.500700e+01 -1.221972e+01
1.012812e+15 6.364636e-28 6.446181e-13 1.500553e+01 -1.219070e+01
1.009402e+15 5.892083e-28 5.947481e-13 1.500406e+01 -1.222567e+01
1.006015e+15 6.095142e-28 6.131803e-13 1.500260e+01 -1.221241e+01
1.002650e+15 6.103823e-28 6.119999e-13 1.500115e+01 -1.221325e+01
9.993080e+14 5.899403e-28 5.895321e-13 1.499970e+01 -1.222949e+01
9.959880e+14 6.072689e-28 6.048325e-13 1.499825e+01 -1.221836e+01
9.926901e+14 5.915426e-28 5.872185e-13 1.499681e+01 -1.223120e+01
9.894139e+14 6.822992e-28 6.750763e-13 1.499538e+01 -1.217065e+01
9.861592e+14 7.004675e-28 6.907725e-13 1.499395e+01 -1.216066e+01
9.829259e+14 7.166923e-28 7.044554e-13 1.499252e+01 -1.215215e+01
9.797137e+14 6.848069e-28 6.709147e-13 1.499110e+01 -1.217333e+01
9.765225e+14 7.162178e-28 6.994028e-13 1.498968e+01 -1.215527e+01
9.733519e+14 7.511102e-28 7.310946e-13 1.498827e+01 -1.213603e+01
9.702019e+14 7.164868e-28 6.951369e-13 1.498686e+01 -1.215793e+01
9.670723e+14 7.059833e-28 6.827368e-13 1.498546e+01 -1.216575e+01
9.639627e+14 8.226698e-28 7.930230e-13 1.498406e+01 -1.210071e+01
9.608731e+14 7.975993e-28 7.663917e-13 1.498267e+01 -1.211555e+01
9.578032e+14 8.217025e-28 7.870293e-13 1.498128e+01 -1.210401e+01
9.547529e+14 8.412082e-28 8.031459e-13 1.497989e+01 -1.209521e+01
9.517219e+14 8.335405e-28 7.932987e-13 1.497851e+01 -1.210056e+01
9.487101e+14 7.870285e-28 7.466619e-13 1.497713e+01 -1.212688e+01
9.457174e+14 8.854096e-28 8.373472e-13 1.497576e+01 -1.207709e+01
9.427434e+14 8.850269e-28 8.343533e-13 1.497439e+01 -1.207865e+01
9.397881e+14 8.384691e-28 7.879833e-13 1.497303e+01 -1.210348e+01
9.368512e+14 8.262475e-28 7.740710e-13 1.497167e+01 -1.211122e+01
9.339327e+14 8.940214e-28 8.349558e-13 1.497032e+01 -1.207834e+01
9.310323e+14 8.703173e-28 8.102935e-13 1.496896e+01 -1.209136e+01
9.281498e+14 8.171437e-28 7.584318e-13 1.496762e+01 -1.212008e+01
9.252852e+14 8.342773e-28 7.719444e-13 1.496628e+01 -1.211241e+01
9.224382e+14 9.611879e-28 8.866364e-13 1.496494e+01 -1.205225e+01
9.196086e+14 1.022954e-27 9.407172e-13 1.496360e+01 -1.202654e+01
9.167963e+14 1.066462e-27 9.777283e-13 1.496227e+01 -1.200978e+01
9.140012e+14 1.037664e-27 9.484260e-13 1.496095e+01 -1.202300e+01
9.112231e+14 1.121848e-27 1.022253e-12 1.495962e+01 -1.199044e+01
9.084618e+14 1.167659e-27 1.060774e-12 1.495831e+01 -1.197438e+01
9.057172e+14 1.078680e-27 9.769791e-13 1.495699e+01 -1.201011e+01
9.029892e+14 1.080502e-27 9.756815e-13 1.495568e+01 -1.201069e+01
9.002775e+14 1.068449e-27 9.619002e-13 1.495438e+01 -1.201687e+01
8.975820e+14 1.106015e-27 9.927393e-13 1.495307e+01 -1.200316e+01
8.949027e+14 1.136972e-27 1.017479e-12 1.495178e+01 -1.199247e+01
8.922393e+14 1.061463e-27 9.470792e-13 1.495048e+01 -1.202361e+01
8.895917e+14 1.023035e-27 9.100838e-13 1.494919e+01 -1.204092e+01
8.869598e+14 1.105652e-27 9.806691e-13 1.494790e+01 -1.200848e+01
8.843434e+14 1.155983e-27 1.022286e-12 1.494662e+01 -1.199043e+01
8.817424e+14 1.199258e-27 1.057436e-12 1.494534e+01 -1.197575e+01
8.791566e+14 1.188375e-27 1.044767e-12 1.494407e+01 -1.198098e+01
8.765860e+14 1.199580e-27 1.051535e-12 1.494279e+01 -1.197818e+01
8.740303e+14 1.221673e-27 1.067780e-12 1.494153e+01 -1.197152e+01
8.714895e+14 1.082299e-27 9.432120e-13 1.494026e+01 -1.202539e+01
8.689635e+14 1.125343e-27 9.778819e-13 1.493900e+01 -1.200971e+01
8.664520e+14 1.216796e-27 1.054296e-12 1.493774e+01 -1.197704e+01
8.639550e+14 1.158199e-27 1.000632e-12 1.493649e+01 -1.199973e+01
8.614724e+14 1.156930e-27 9.966636e-13 1.493524e+01 -1.200145e+01
8.590040e+14 1.169189e-27 1.004338e-12 1.493400e+01 -1.199812e+01
8.565497e+14 1.293368e-27 1.107834e-12 1.493275e+01 -1.195553e+01
8.541094e+14 1.332328e-27 1.137953e-12 1.493151e+01 -1.194388e+01
8.516830e+14 1.260177e-27 1.073271e-12 1.493028e+01 -1.196929e+01
8.492703e+14 1.307041e-27 1.110031e-12 1.492905e+01 -1.195466e+01
8.468712e+14 1.474958e-27 1.249099e-12 1.492782e+01 -1.190340e+01
8.444856e+14 1.450607e-27 1.225017e-12 1.492659e+01 -1.191186e+01
8.421135e+14 1.317282e-27 1.109301e-12 1.492537e+01 -1.195495e+01
8.397546e+14 1.176528e-27 9.879949e-13 1.492415e+01 -1.200525e+01
8.374089e+14 1.050968e-27 8.800903e-13 1.492294e+01 -1.205547e+01
8.350763e+14 1.198636e-27 1.000952e-12 1.492173e+01 -1.199959e+01
8.327567e+14 1.381950e-27 1.150828e-12 1.492052e+01 -1.193899e+01
8.304499e+14 1.320306e-27 1.096448e-12 1.491931e+01 -1.196001e+01
8.281558e+14 1.407246e-27 1.165419e-12 1.491811e+01 -1.193352e+01
8.258744e+14 1.478643e-27 1.221173e-12 1.491691e+01 -1.191322e+01
8.236055e+14 1.498984e-27 1.234572e-12 1.491572e+01 -1.190848e+01
8.213490e+14 1.636735e-27 1.344331e-12 1.491453e+01 -1.187149e+01
8.191049e+14 1.875791e-27 1.536469e-12 1.491334e+01 -1.181348e+01
8.168730e+14 1.810861e-27 1.479243e-12 1.491215e+01 -1.182996e+01
8.146533e+14 1.688212e-27 1.375307e-12 1.491097e+01 -1.186160e+01
8.124455e+14 1.746586e-27 1.419006e-12 1.490979e+01 -1.184802e+01
8.102497e+14 1.811814e-27 1.468022e-12 1.490862e+01 -1.183327e+01
8.080658e+14 1.699576e-27 1.373370e-12 1.490745e+01 -1.186221e+01
8.058935e+14 1.619223e-27 1.304922e-12 1.490628e+01 -1.188442e+01
8.037330e+14 1.410912e-27 1.133997e-12 1.490511e+01 -1.194539e+01
8.015840e+14 1.333048e-27 1.068550e-12 1.490395e+01 -1.197121e+01
7.994464e+14 1.463952e-27 1.170351e-12 1.490279e+01 -1.193168e+01
7.973202e+14 1.615233e-27 1.287858e-12 1.490163e+01 -1.189013e+01
7.952053e+14 1.847411e-27 1.469071e-12 1.490048e+01 -1.183296e+01
7.931016e+14 2.081518e-27 1.650855e-12 1.489933e+01 -1.178229e+01
7.910090e+14 1.843950e-27 1.458581e-12 1.489818e+01 -1.183607e+01
7.889274e+14 1.804375e-27 1.423521e-12 1.489704e+01 -1.184664e+01
7.868567e+14 1.773364e-27 1.395383e-12 1.489590e+01 -1.185531e+01
7.847969e+14 1.499948e-27 1.177154e-12 1.489476e+01 -1.192917e+01
7.827478e+14 1.261166e-27 9.871748e-13 1.489362e+01 -1.200561e+01
7.807094e+14 1.406255e-27 1.097877e-12 1.489249e+01 -1.195945e+01
7.786816e+14 1.633123e-27 1.271683e-12 1.489136e+01 -1.189562e+01
7.766642e+14 1.637214e-27 1.271566e-12 1.489023e+01 -1.189566e+01
7.746574e+14 1.649151e-27 1.277527e-12 1.488911e+01 -1.189363e+01
7.726608e+14 1.634943e-27 1.263257e-12 1.488799e+01 -1.189851e+01
7.706746e+14 1.829734e-27 1.410130e-12 1.488687e+01 -1.185074e+01
7.686985e+14 2.037954e-27 1.566572e-12 1.488576e+01 -1.180505e+01
7.667325e+14 2.230166e-27 1.709940e-12 1.488464e+01 -1.176702e+01
7.647765e+14 2.047303e-27 1.565729e-12 1.488353e+01 -1.180528e+01
7.628305e+14 1.506929e-27 1.149531e-12 1.488243e+01 -1.193948e+01
7.608944e+14 1.629312e-27 1.239734e-12 1.488132e+01 -1.190667e+01
7.589681e+14 2.231964e-27 1.693989e-12 1.488022e+01 -1.177109e+01
7.570515e+14 1.916263e-27 1.450710e-12 1.487913e+01 -1.183842e+01
7.551446e+14 1.691485e-27 1.277316e-12 1.487803e+01 -1.189370e+01
7.532472e+14 2.583838e-27 1.946269e-12 1.487694e+01 -1.171080e+01
7.513594e+14 3.198080e-27 2.402907e-12 1.487585e+01 -1.161926e+01
7.494810e+14 3.440596e-27 2.578661e-12 1.487476e+01 -1.158861e+01
7.476120e+14 3.627332e-27 2.711837e-12 1.487368e+01 -1.156674e+01
7.457522e+14 3.728767e-27 2.780737e-12 1.487259e+01 -1.155584e+01
7.439017e+14 3.634804e-27 2.703937e-12 1.487152e+01 -1.156800e+01
7.420604e+14 3.534944e-27 2.623142e-12 1.487044e+01 -1.158118e+01
7.402281e+14 3.607409e-27 2.670306e-12 1.486937e+01 -1.157344e+01
7.384049e+14 3.458518e-27 2.553786e-12 1.486829e+01 -1.159282e+01
7.365907e+14 3.491351e-27 2.571697e-12 1.486723e+01 -1.158978e+01
7.347853e+14 3.720090e-27 2.733468e-12 1.486616e+01 -1.156329e+01
7.329888e+14 3.930073e-27 2.880699e-12 1.486510e+01 -1.154050e+01
7.312010e+14 3.616432e-27 2.644339e-12 1.486404e+01 -1.157768e+01
7.294219e+14 3.737276e-27 2.726051e-12 1.486298e+01 -1.156447e+01
7.276515e+14 3.880909e-27 2.823949e-12 1.486192e+01 -1.154914e+01
7.258896e+14 3.826952e-27 2.777944e-12 1.486087e+01 -1.155628e+01
7.241362e+14 3.640060e-27 2.635900e-12 1.485982e+01 -1.157907e+01
7.223913e+14 3.637871e-27 2.627966e-12 1.485877e+01 -1.158038e+01
7.206548e+14 3.812848e-27 2.747747e-12 1.485773e+01 -1.156102e+01
7.189266e+14 3.679872e-27 2.645558e-12 1.485668e+01 -1.157748e+01
7.172067e+14 3.688361e-27 2.645317e-12 1.485564e+01 -1.157752e+01
7.154950e+14 3.833447e-27 2.742812e-12 1.485461e+01 -1.156180e+01
7.137914e+14 3.790361e-27 2.705527e-12 1.485357e+01 -1.156775e+01
7.120960e+14 4.056972e-27 2.888953e-12 1.485254e+01 -1.153926e+01
7.104085e+14 3.806661e-27 2.704284e-12 1.485151e+01 -1.156795e+01
7.087291e+14 3.735407e-27 2.647392e-12 1.485048e+01 -1.157718e+01
7.070575e+14 4.184072e-27 2.958380e-12 1.484945e+01 -1.152895e+01
7.053939e+14 4.138583e-27 2.919331e-12 1.484843e+01 -1.153472e+01
7.037380e+14 4.173576e-27 2.937104e-12 1.484741e+01 -1.153208e+01
7.020899e+14 4.080026e-27 2.864545e-12 1.484639e+01 -1.154294e+01
7.004495e+14 4.088330e-27 2.863669e-12 1.484538e+01 -1.154308e+01
6.988168e+14 3.875974e-27 2.708596e-12 1.484436e+01 -1.156726e+01
6.971916e+14 3.539452e-27 2.467676e-12 1.484335e+01 -1.160771e+01
6.955740e+14 3.928059e-27 2.732256e-12 1.484234e+01 -1.156348e+01
6.939639e+14 4.597182e-27 3.190278e-12 1.484134e+01 -1.149617e+01
6.923612e+14 4.622184e-27 3.200221e-12 1.484033e+01 -1.149482e+01
6.907659e+14 4.860674e-27 3.357588e-12 1.483933e+01 -1.147397e+01
6.891779e+14 5.066418e-27 3.491663e-12 1.483833e+01 -1.145697e+01
6.875972e+14 5.365045e-27 3.688990e-12 1.483733e+01 -1.143309e+01
6.860238e+14 5.199031e-27 3.566659e-12 1.483634e+01 -1.144774e+01
6.844575e+14 4.671587e-27 3.197503e-12 1.483535e+01 -1.149519e+01
6.828984e+14 4.765726e-27 3.254507e-12 1.483436e+01 -1.148751e+01
6.813464e+14 4.968025e-27 3.384946e-12 1.483337e+01 -1.147045e+01
6.798014e+14 5.179682e-27 3.521155e-12 1.483238e+01 -1.145331e+01
6.782633e+14 5.602261e-27 3.799808e-12 1.483140e+01 -1.142024e+01
6.767323e+14 5.436227e-27 3.678870e-12 1.483042e+01 -1.143429e+01
6.752081e+14 5.578624e-27 3.766732e-12 1.482944e+01 -1.142404e+01
6.736908e+14 5.663610e-27 3.815522e-12 1.482846e+01 -1.141845e+01
6.721803e+14 5.320011e-27 3.576006e-12 1.482749e+01 -1.144660e+01
6.706765e+14 5.939045e-27 3.983178e-12 1.482651e+01 -1.139977e+01
6.691795e+14 6.303774e-27 4.218356e-12 1.482554e+01 -1.137486e+01
6.676891e+14 6.363726e-27 4.248990e-12 1.482457e+01 -1.137171e+01
6.662053e+14 6.487201e-27 4.321808e-12 1.482361e+01 -1.136433e+01
6.647282e+14 6.693077e-27 4.449077e-12 1.482264e+01 -1.135173e+01
6.632575e+14 6.219588e-27 4.125189e-12 1.482168e+01 -1.138456e+01
6.617934e+14 5.882554e-27 3.893035e-12 1.482072e+01 -1.140971e+01
6.603357e+14 6.333640e-27 4.182328e-12 1.481976e+01 -1.137858e+01
6.588844e+14 6.469672e-27 4.262766e-12 1.481881e+01 -1.137031e+01
6.574395e+14 6.774019e-27 4.453507e-12 1.481786e+01 -1.135130e+01
6.560009e+14 6.677563e-27 4.380487e-12 1.481690e+01 -1.135848e+01
6.545686e+14 6.724040e-27 4.401345e-12 1.481596e+01 -1.135641e+01
6.531425e+14 6.547947e-27 4.276742e-12 1.481501e+01 -1.136889e+01
6.517226e+14 6.725912e-27 4.383429e-12 1.481406e+01 -1.135819e+01
6.503089e+14 7.125784e-27 4.633960e-12 1.481312e+01 -1.133405e+01
6.489013e+14 7.303932e-27 4.739531e-12 1.481218e+01 -1.132426e+01
6.474998e+14 7.124387e-27 4.613039e-12 1.481124e+01 -1.133601e+01
6.461043e+14 6.812284e-27 4.401446e-12 1.481030e+01 -1.135640e+01
6.447148e+14 6.812565e-27 4.392162e-12 1.480937e+01 -1.135732e+01
6.433313e+14 6.990945e-27 4.497494e-12 1.480843e+01 -1.134703e+01
6.419537e+14 6.819011e-27 4.377489e-12 1.480750e+01 -1.135877e+01
6.405821e+14 7.084168e-27 4.537991e-12 1.480657e+01 -1.134314e+01
6.392162e+14 7.107974e-27 4.543532e-12 1.480565e+01 -1.134261e+01
6.378562e+14 6.983799e-27 4.454659e-12 1.480472e+01 -1.135119e+01
6.365019e+14 7.002621e-27 4.457182e-12 1.480380e+01 -1.135094e+01
6.351534e+14 7.389421e-27 4.693416e-12 1.480288e+01 -1.132851e+01
6.338106e+14 7.347292e-27 4.656792e-12 1.480196e+01 -1.133191e+01
6.324734e+14 7.644014e-27 4.834636e-12 1.480104e+01 -1.131564e+01
6.311419e+14 7.780035e-27 4.910306e-12 1.480013e+01 -1.130889e+01
6.298160e+14 7.470551e-27 4.705072e-12 1.479921e+01 -1.132743e+01
6.284956e+14 7.472085e-27 4.696172e-12 1.479830e+01 -1.132826e+01
6.271808e+14 7.743557e-27 4.856610e-12 1.479739e+01 -1.131367e+01
6.258714e+14 7.836270e-27 4.904497e-12 1.479649e+01 -1.130941e+01
6.245675e+14 8.035484e-27 5.018702e-12 1.479558e+01 -1.129941e+01
6.232690e+14 7.901845e-27 4.924975e-12 1.479468e+01 -1.130760e+01
6.219759e+14 8.049179e-27 5.006395e-12 1.479377e+01 -1.130047e+01
6.206882e+14 8.067290e-27 5.007272e-12 1.479287e+01 -1.130040e+01
6.194058e+14 7.931483e-27 4.912807e-12 1.479198e+01 -1.130867e+01
6.181287e+14 7.627490e-27 4.714770e-12 1.479108e+01 -1.132654e+01
6.168568e+14 7.182714e-27 4.430706e-12 1.479018e+01 -1.135353e+01
6.155901e+14 7.558119e-27 4.652704e-12 1.478929e+01 -1.133229e+01
6.143287e+14 7.686167e-27 4.721833e-12 1.478840e+01 -1.132589e+01
6.130724e+14 7.813504e-27 4.790244e-12 1.478751e+01 -1.131964e+01
6.118212e+14 8.279164e-27 5.065368e-12 1.478662e+01 -1.129539e+01
6.105752e+14 8.051726e-27 4.916184e-12 1.478574e+01 -1.130837e+01
6.093341e+14 7.947826e-27 4.842882e-12 1.478486e+01 -1.131490e+01
6.080982e+14 8.205253e-27 4.989599e-12 1.478397e+01 -1.130193e+01
6.068672e+14 8.422900e-27 5.111582e-12 1.478309e+01 -1.129144e+01
6.056412e+14 8.513362e-27 5.156043e-12 1.478222e+01 -1.128768e+01
6.044202e+14 8.052539e-27 4.867117e-12 1.478134e+01 -1.131273e+01
6.032040e+14 8.168593e-27 4.927328e-12 1.478046e+01 -1.130739e+01
6.019928e+14 8.209643e-27 4.942146e-12 1.477959e+01 -1.130608e+01
6.007864e+14 7.922099e-27 4.759489e-12 1.477872e+01 -1.132244e+01
5.995848e+14 7.895591e-27 4.734077e-12 1.477785e+01 -1.132476e+01
5.983880e+14 7.407902e-27 4.432800e-12 1.477698e+01 -1.135332e+01
5.971960e+14 7.723848e-27 4.612651e-12 1.477612e+01 -1.133605e+01
5.960087e+14 8.147660e-27 4.856077e-12 1.477525e+01 -1.131371e+01
5.948262e+14 7.986556e-27 4.750613e-12 1.477439e+01 -1.132325e+01
5.936483e+14 8.158143e-27 4.843068e-12 1.477353e+01 -1.131488e+01
5.924751e+14 8.710956e-27 5.161025e-12 1.477267e+01 -1.128726e+01
5.913065e+14 8.240618e-27 4.872731e-12 1.477181e+01 -1.131223e+01
5.901425e+14 7.992639e-27 4.716796e-12 1.477096e+01 -1.132635e+01
5.889831e+14 8.115176e-27 4.779701e-12 1.477010e+01 -1.132060e+01
5.878282e+14 8.047155e-27 4.730345e-12 1.476925e+01 -1.132511e+01
5.866779e+14 8.342004e-27 4.894069e-12 1.476840e+01 -1.131033e+01
5.855320e+14 8.288597e-27 4.853239e-12 1.476755e+01 -1.131397e+01
5.843906e+14 8.080745e-27 4.722311e-12 1.476670e+01 -1.132585e+01
5.832537e+14 8.147852e-27 4.752265e-12 1.476586e+01 -1.132310e+01
5.821212e+14 7.938318e-27 4.621063e-12 1.476501e+01 -1.133526e+01
5.809930e+14 7.754952e-27 4.505573e-12 1.476417e+01 -1.134625e+01
5.798692e+14 7.263637e-27 4.211960e-12 1.476333e+01 -1.137552e+01
5.787498e+14 7.204526e-27 4.169618e-12 1.476249e+01 -1.137990e+01
5.776347e+14 7.806466e-27 4.509285e-12 1.476165e+01 -1.134589e+01
5.765238e+14 8.135833e-27 4.690502e-12 1.476082e+01 -1.132878e+01
5.754173e+14 8.234011e-27 4.737992e-12 1.475998e+01 -1.132441e+01
5.743149e+14 8.709491e-27 5.001991e-12 1.475915e+01 -1.130086e+01
5.732168e+14 8.778823e-27 5.032169e-12 1.475832e+01 -1.129824e+01
5.721229e+14 9.296646e-27 5.318824e-12 1.475749e+01 -1.127418e+01
5.710331e+14 8.990919e-27 5.134113e-12 1.475666e+01 -1.128953e+01
5.699475e+14 8.880734e-27 5.061552e-12 1.475583e+01 -1.129572e+01
5.688660e+14 8.215890e-27 4.673741e-12 1.475501e+01 -1.133034e+01
5.677886e+14 9.457431e-27 5.369822e-12 1.475419e+01 -1.127004e+01
5.667153e+14 9.695469e-27 5.494571e-12 1.475336e+01 -1.126007e+01
5.656460e+14 9.972005e-27 5.640625e-12 1.475254e+01 -1.124867e+01
5.645808e+14 1.029672e-26 5.813330e-12 1.475173e+01 -1.123558e+01
5.635195e+14 9.638447e-27 5.431453e-12 1.475091e+01 -1.126508e+01
5.624623e+14 9.246491e-27 5.200802e-12 1.475009e+01 -1.128393e+01
5.614090e+14 9.701688e-27 5.446615e-12 1.474928e+01 -1.126387e+01
5.603596e+14 1.002005e-26 5.614830e-12 1.474847e+01 -1.125066e+01
5.593142e+14 1.048211e-26 5.862792e-12 1.474766e+01 -1.123190e+01
5.582726e+14 9.820472e-27 5.482501e-12 1.474685e+01 -1.126102e+01
5.572349e+14 1.022779e-26 5.699283e-12 1.474604e+01 -1.124418e+01
5.562011e+14 1.001779e-26 5.571905e-12 1.474523e+01 -1.125400e+01
5.551711e+14 9.576186e-27 5.316422e-12 1.474443e+01 -1.127438e+01
5.541449e+14 9.794308e-27 5.427466e-12 1.474362e+01 -1.126540e+01
5.531225e+14 1.027432e-26 5.682959e-12 1.474282e+01 -1.124543e+01
5.521039e+14 1.018639e-26 5.623947e-12 1.474202e+01 -1.124996e+01
5.510890e+14 1.047663e-26 5.773555e-12 1.474122e+01 -1.123856e+01
5.500778e+14 1.027132e-26 5.650027e-12 1.474042e+01 -1.124795e+01
5.490703e+14 1.024052e-26 5.622766e-12 1.473963e+01 -1.125005e+01
5.480665e+14 1.020928e-26 5.595366e-12 1.473883e+01 -1.125217e+01
5.470664e+14 1.007899e-26 5.513877e-12 1.473804e+01 -1.125854e+01
5.460699e+14 1.046224e-26 5.713115e-12 1.473725e+01 -1.124313e+01
5.450771e+14 1.054013e-26 5.745181e-12 1.473646e+01 -1.124070e+01
5.440878e+14 1.025944e-26 5.582036e-12 1.473567e+01 -1.125321e+01
5.431022e+14 1.077703e-26 5.853026e-12 1.473488e+01 -1.123262e+01
5.421201e+14 1.076589e-26 5.836407e-12 1.473410e+01 -1.123385e+01
5.411415e+14 1.104677e-26 5.977863e-12 1.473331e+01 -1.122345e+01
5.401665e+14 1.105633e-26 5.972261e-12 1.473253e+01 -1.122386e+01
5.391950e+14 1.104545e-26 5.955652e-12 1.473175e+01 -1.122507e+01
5.382269e+14 1.076937e-26 5.796366e-12 1.473097e+01 -1.123684e+01
5.372624e+14 1.087965e-26 5.845228e-12 1.473019e+01 -1.123320e+01
5.363013e+14 1.048768e-26 5.624557e-12 1.472941e+01 -1.124991e+01
5.353436e+14 1.060763e-26 5.678726e-12 1.472863e+01 -1.124575e+01
5.343893e+14 1.096595e-26 5.860085e-12 1.472786e+01 -1.123210e+01
5.334384e+14 1.110880e-26 5.925861e-12 1.472708e+01 -1.122725e+01
5.324909e+14 1.099223e-26 5.853262e-12 1.472631e+01 -1.123260e+01
5.315468e+14 1.114622e-26 5.924738e-12 1.472554e+01 -1.122733e+01
5.306060e+14 1.145835e-26 6.079870e-12 1.472477e+01 -1.121611e+01
5.296686e+14 1.127802e-26 5.973610e-12 1.472400e+01 -1.122376e+01
5.287344e+14 1.127567e-26 5.961835e-12 1.472324e+01 -1.122462e+01
5.278035e+14 1.161214e-26 6.128928e-12 1.472247e+01 -1.121262e+01
5.268759e+14 1.180192e-26 6.218146e-12 1.472171e+01 -1.120634e+01
5.259516e+14 1.167272e-26 6.139286e-12 1.472095e+01 -1.121188e+01
5.250305e+14 1.143532e-26 6.003894e-12 1.472018e+01 -1.122157e+01
5.241126e+14 1.182999e-26 6.200247e-12 1.471942e+01 -1.120759e+01
5.231979e+14 1.218408e-26 6.374685e-12 1.471867e+01 -1.119554e+01
5.222864e+14 1.224828e-26 6.397112e-12 1.471791e+01 -1.119402e+01
5.213781e+14 1.226928e-26 6.396935e-12 1.471715e+01 -1.119403e+01
5.204729e+14 1.212677e-26 6.311656e-12 1.471640e+01 -1.119986e+01
5.195709e+14 1.210331e-26 6.288529e-12 1.471564e+01 -1.120145e+01
5.186720e+14 1.195879e-26 6.202689e-12 1.471489e+01 -1.120742e+01
5.177762e+14 1.217635e-26 6.304626e-12 1.471414e+01 -1.120034e+01
5.168834e+14 1.247254e-26 6.446850e-12 1.471339e+01 -1.119065e+01
5.159938e+14 1.236039e-26 6.377885e-12 1.471264e+01 -1.119532e+01
5.151072e+14 1.265882e-26 6.520650e-12 1.471190e+01 -1.118571e+01
5.142237e+14 1.276933e-26 6.566293e-12 1.471115e+01 -1.118268e+01
5.133432e+14 1.262277e-26 6.479812e-12 1.471041e+01 -1.118844e+01
5.124656e+14 1.269975e-26 6.508186e-12 1.470966e+01 -1.118654e+01
5.115911e+14 1.226956e-26 6.277001e-12 1.470892e+01 -1.120225e+01
5.107196e+14 1.202858e-26 6.143233e-12 1.470818e+01 -1.121160e+01
5.098510e+14 1.168356e-26 5.956873e-12 1.470744e+01 -1.122498e+01
5.089854e+14 1.181447e-26 6.013395e-12 1.470671e+01 -1.122088e+01
5.081227e+14 1.164886e-26 5.919048e-12 1.470597e+01 -1.122775e+01
5.072629e+14 1.189484e-26 6.033814e-12 1.470523e+01 -1.121941e+01
5.064061e+14 1.237248e-26 6.265501e-12 1.470450e+01 -1.120304e+01
5.055521e+14 1.234503e-26 6.241056e-12 1.470377e+01 -1.120474e+01
5.047010e+14 1.267638e-26 6.397782e-12 1.470303e+01 -1.119397e+01
5.038528e+14 1.254470e-26 6.320684e-12 1.470230e+01 -1.119924e+01
5.030074e+14 1.272689e-26 6.401720e-12 1.470157e+01 -1.119370e+01
5.021648e+14 1.274622e-26 6.400706e-12 1.470085e+01 -1.119377e+01
5.013251e+14 1.294163e-26 6.487964e-12 1.470012e+01 -1.118789e+01
5.004881e+14 1.292603e-26 6.469327e-12 1.469939e+01 -1.118914e+01
4.996540e+14 1.285100e-26 6.421056e-12 1.469867e+01 -1.119239e+01
4.988226e+14 1.283457e-26 6.402173e-12 1.469795e+01 -1.119367e+01
4.979940e+14 1.313914e-26 6.543215e-12 1.469722e+01 -1.118421e+01
4.971682e+14 1.319477e-26 6.560021e-12 1.469650e+01 -1.118309e+01
4.963450e+14 1.329848e-26 6.600633e-12 1.469578e+01 -1.118041e+01
4.955246e+14 1.347477e-26 6.677081e-12 1.469507e+01 -1.117541e+01
4.947069e+14 1.345905e-26 6.658286e-12 1.469435e+01 -1.117664e+01
4.938919e+14 1.366081e-26 6.746962e-12 1.469363e+01 -1.117089e+01
4.930796e+14 1.366944e-26 6.740120e-12 1.469292e+01 -1.117133e+01
4.922700e+14 1.355610e-26 6.673261e-12 1.469220e+01 -1.117566e+01
4.914630e+14 1.352734e-26 6.648185e-12 1.469149e+01 -1.117730e+01
4.906586e+14 1.364529e-26 6.695176e-12 1.469078e+01 -1.117424e+01
4.898569e+14 1.353009e-26 6.627806e-12 1.469007e+01 -1.117863e+01
4.890577e+14 1.353732e-26 6.620530e-12 1.468936e+01 -1.117911e+01
4.882612e+14 1.350724e-26 6.595060e-12 1.468865e+01 -1.118078e+01
4.874673e+14 1.345190e-26 6.557363e-12 1.468795e+01 -1.118327e+01
4.866760e+14 1.307200e-26 6.361827e-12 1.468724e+01 -1.119642e+01
4.858872e+14 1.297695e-26 6.305335e-12 1.468654e+01 -1.120029e+01
4.851010e+14 1.299397e-26 6.303386e-12 1.468583e+01 -1.120043e+01
4.843173e+14 1.303605e-26 6.313585e-12 1.468513e+01 -1.119972e+01
4.835361e+14 1.331806e-26 6.439762e-12 1.468443e+01 -1.119113e+01
4.827575e+14 1.322174e-26 6.382896e-12 1.468373e+01 -1.119498e+01
4.819814e+14 1.289591e-26 6.215586e-12 1.468303e+01 -1.120652e+01
4.812077e+14 1.287367e-26 6.194911e-12 1.468233e+01 -1.120796e+01
4.804365e+14 1.291504e-26 6.204855e-12 1.468164e+01 -1.120727e+01
4.796678e+14 1.298212e-26 6.227105e-12 1.468094e+01 -1.120571e+01
4.789016e+14 1.289500e-26 6.175437e-12 1.468025e+01 -1.120933e+01
4.781378e+14 1.325899e-26 6.339626e-12 1.467955e+01 -1.119794e+01
4.773764e+14 1.345674e-26 6.423931e-12 1.467886e+01 -1.119220e+01
4.766175e+14 1.360357e-26 6.483701e-12 1.467817e+01 -1.118818e+01
4.758610e+14 1.379024e-26 6.562236e-12 1.467748e+01 -1.118295e+01
4.751068e+14 1.391251e-26 6.609927e-12 1.467679e+01 -1.117980e+01
4.743551e+14 1.389105e-26 6.589291e-12 1.467610e+01 -1.118116e+01
4.736057e+14 1.398768e-26 6.624645e-12 1.467542e+01 -1.117884e+01
4.728587e+14 1.404511e-26 6.641353e-12 1.467473e+01 -1.117774e+01
4.721140e+14 1.419539e-26 6.701842e-12 1.467405e+01 -1.117381e+01
4.713717e+14 1.435969e-26 6.768750e-12 1.467336e+01 -1.116949e+01
4.706317e+14 1.447151e-26 6.810750e-12 1.467268e+01 -1.116681e+01
4.698940e+14 1.470412e-26 6.909379e-12 1.467200e+01 -1.116056e+01
4.691587e+14 1.450888e-26 6.806969e-12 1.467132e+01 -1.116705e+01
4.684256e+14 1.464849e-26 6.861728e-12 1.467064e+01 -1.116357e+01
4.676949e+14 1.473478e-26 6.891382e-12 1.466996e+01 -1.116169e+01
4.669664e+14 1.468604e-26 6.857888e-12 1.466929e+01 -1.116381e+01
4.662401e+14 1.481330e-26 6.906553e-12 1.466861e+01 -1.116074e+01
4.655161e+14 1.502285e-26 6.993378e-12 1.466793e+01 -1.115531e+01
4.647944e+14 1.500123e-26 6.972487e-12 1.466726e+01 -1.115661e+01
4.640749e+14 1.506148e-26 6.989657e-12 1.466659e+01 -1.115554e+01
4.633577e+14 1.514939e-26 7.019586e-12 1.466592e+01 -1.115369e+01
4.626426e+14 1.519626e-26 7.030436e-12 1.466525e+01 -1.115302e+01
4.619297e+14 1.498038e-26 6.919884e-12 1.466458e+01 -1.115990e+01
4.612191e+14 1.508208e-26 6.956144e-12 1.466391e+01 -1.115763e+01
4.605106e+14 1.549038e-26 7.133486e-12 1.466324e+01 -1.114670e+01
4.598043e+14 1.559385e-26 7.170120e-12 1.466257e+01 -1.114447e+01
4.591002e+14 1.578176e-26 7.245406e-12 1.466191e+01 -1.113994e+01
4.583982e+14 1.574585e-26 7.217869e-12 1.466124e+01 -1.114159e+01
4.576983e+14 1.546999e-26 7.080587e-12 1.466058e+01 -1.114993e+01
4.570006e+14 1.495197e-26 6.833059e-12 1.465992e+01 -1.116538e+01
4.563050e+14 1.522440e-26 6.946968e-12 1.465926e+01 -1.115820e+01
4.556116e+14 1.541296e-26 7.022323e-12 1.465859e+01 -1.115352e+01
4.549202e+14 1.536001e-26 6.987580e-12 1.465794e+01 -1.115567e+01
4.542309e+14 1.562124e-26 7.095651e-12 1.465728e+01 -1.114901e+01
4.535437e+14 1.574036e-26 7.138940e-12 1.465662e+01 -1.114637e+01
4.528586e+14 1.557214e-26 7.051977e-12 1.465596e+01 -1.115169e+01
4.521756e+14 1.533051e-26 6.932082e-12 1.465531e+01 -1.115914e+01
4.514946e+14 1.568085e-26 7.079820e-12 1.465465e+01 -1.114998e+01
4.508156e+14 1.545219e-26 6.966088e-12 1.465400e+01 -1.115701e+01
4.501387e+14 1.541130e-26 6.937221e-12 1.465335e+01 -1.115881e+01
4.494639e+14 1.538456e-26 6.914804e-12 1.465269e+01 -1.116022e+01
4.487910e+14 1.528418e-26 6.859405e-12 1.465204e+01 -1.116371e+01
4.481202e+14 1.552105e-26 6.955297e-12 1.465139e+01 -1.115768e+01
4.474513e+14 1.540533e-26 6.893134e-12 1.465075e+01 -1.116158e+01
4.467845e+14 1.543656e-26 6.896817e-12 1.465010e+01 -1.116135e+01
4.461196e+14 1.534914e-26 6.847551e-12 1.464945e+01 -1.116446e+01
4.454568e+14 1.552872e-26 6.917373e-12 1.464881e+01 -1.116006e+01
4.447958e+14 1.554507e-26 6.914380e-12 1.464816e+01 -1.116025e+01
4.441369e+14 1.560619e-26 6.931285e-12 1.464752e+01 -1.115919e+01
4.434799e+14 1.562245e-26 6.928242e-12 1.464687e+01 -1.115938e+01
4.428248e+14 1.595469e-26 7.065130e-12 1.464623e+01 -1.115088e+01
4.421717e+14 1.592637e-26 7.042191e-12 1.464559e+01 -1.115229e+01
4.415205e+14 1.577656e-26 6.965674e-12 1.464495e+01 -1.115704e+01
4.408712e+14 1.583825e-26 6.982627e-12 1.464431e+01 -1.115598e+01
4.402238e+14 1.600671e-26 7.046533e-12 1.464367e+01 -1.115202e+01
4.395783e+14 1.623705e-26 7.137454e-12 1.464304e+01 -1.114646e+01
4.389347e+14 1.617746e-26 7.100849e-12 1.464240e+01 -1.114869e+01
4.382930e+14 1.648606e-26 7.225726e-12 1.464176e+01 -1.114112e+01
4.376531e+14 1.628775e-26 7.128386e-12 1.464113e+01 -1.114701e+01
4.370152e+14 1.588716e-26 6.942932e-12 1.464050e+01 -1.115846e+01
4.363790e+14 1.611951e-26 7.034216e-12 1.463986e+01 -1.115278e+01
4.357448e+14 1.622865e-26 7.071550e-12 1.463923e+01 -1.115049e+01
4.351123e+14 1.626027e-26 7.075045e-12 1.463860e+01 -1.115027e+01
4.344817e+14 1.666711e-26 7.241557e-12 1.463797e+01 -1.114017e+01
4.338530e+14 1.643321e-26 7.129597e-12 1.463734e+01 -1.114694e+01
4.332260e+14 1.649653e-26 7.146728e-12 1.463671e+01 -1.114589e+01
4.326009e+14 1.667042e-26 7.211637e-12 1.463609e+01 -1.114197e+01
4.319775e+14 1.681347e-26 7.263039e-12 1.463546e+01 -1.113888e+01
4.313560e+14 1.679850e-26 7.246135e-12 1.463484e+01 -1.113989e+01
4.307362e+14 1.699005e-26 7.318232e-12 1.463421e+01 -1.113559e+01
4.301182e+14 1.694319e-26 7.287574e-12 1.463359e+01 -1.113742e+01
4.295020e+14 1.667184e-26 7.160590e-12 1.463297e+01 -1.114505e+01
4.288876e+14 1.667151e-26 7.150203e-12 1.463234e+01 -1.114568e+01
4.282749e+14 1.707326e-26 7.312049e-12 1.463172e+01 -1.113596e+01
4.276639e+14 1.710594e-26 7.315593e-12 1.463110e+01 -1.113575e+01
4.270547e+14 1.699294e-26 7.256915e-12 1.463048e+01 -1.113925e+01
4.264472e+14 1.752829e-26 7.474889e-12 1.462987e+01 -1.112640e+01
4.258415e+14 1.759446e-26 7.492453e-12 1.462925e+01 -1.112538e+01
4.252374e+14 1.777506e-26 7.558622e-12 1.462863e+01 -1.112156e+01
4.246351e+14 1.700709e-26 7.221807e-12 1.462802e+01 -1.114135e+01
4.240345e+14 1.697323e-26 7.197234e-12 1.462740e+01 -1.114283e+01
4.234356e+14 1.735051e-26 7.346822e-12 1.462679e+01 -1.113390e+01
4.228384e+14 1.682177e-26 7.112890e-12 1.462617e+01 -1.114795e+01
4.222428e+14 1.676993e-26 7.080981e-12 1.462556e+01 -1.114991e+01
4.216489e+14 1.696661e-26 7.153954e-12 1.462495e+01 -1.114545e+01
4.210567e+14 1.693113e-26 7.128967e-12 1.462434e+01 -1.114697e+01
4.204662e+14 1.634599e-26 6.872935e-12 1.462373e+01 -1.116286e+01
4.198773e+14 1.603025e-26 6.730737e-12 1.462312e+01 -1.117194e+01
4.192901e+14 1.637906e-26 6.867576e-12 1.462251e+01 -1.116320e+01
4.187045e+14 1.708823e-26 7.154919e-12 1.462191e+01 -1.114540e+01
4.181205e+14 1.688107e-26 7.058321e-12 1.462130e+01 -1.115130e+01
4.175382e+14 1.687909e-26 7.047665e-12 1.462070e+01 -1.115195e+01
4.169574e+14 1.663923e-26 6.937850e-12 1.462009e+01 -1.115878e+01
4.163783e+14 1.660383e-26 6.913475e-12 1.461949e+01 -1.116030e+01
4.158008e+14 1.661072e-26 6.906750e-12 1.461889e+01 -1.116073e+01
4.152249e+14 1.713616e-26 7.115361e-12 1.461828e+01 -1.114780e+01
4.146506e+14 1.721799e-26 7.139452e-12 1.461768e+01 -1.114634e+01
4.140779e+14 1.736894e-26 7.192095e-12 1.461708e+01 -1.114314e+01
4.135068e+14 1.692327e-26 6.997888e-12 1.461648e+01 -1.115503e+01
4.129372e+14 1.720366e-26 7.104033e-12 1.461588e+01 -1.114850e+01
4.123692e+14 1.754789e-26 7.236211e-12 1.461529e+01 -1.114049e+01
4.118027e+14 1.733513e-26 7.138655e-12 1.461469e+01 -1.114638e+01
4.112379e+14 1.766203e-26 7.263295e-12 1.461409e+01 -1.113887e+01
4.106745e+14 1.769302e-26 7.266072e-12 1.461350e+01 -1.113870e+01
4.101127e+14 1.814514e-26 7.441553e-12 1.461290e+01 -1.112834e+01
4.095525e+14 1.803645e-26 7.386872e-12 1.461231e+01 -1.113154e+01
4.089937e+14 1.835043e-26 7.505212e-12 1.461172e+01 -1.112464e+01
4.084365e+14 1.832977e-26 7.486546e-12 1.461112e+01 -1.112572e+01
4.078808e+14 1.807815e-26 7.373729e-12 1.461053e+01 -1.113231e+01
4.073266e+14 1.818074e-26 7.405500e-12 1.460994e+01 -1.113045e+01
4.067739e+14 1.837288e-26 7.473609e-12 1.460935e+01 -1.112647e+01
4.062228e+14 1.883415e-26 7.650862e-12 1.460876e+01 -1.111629e+01
4.056731e+14 1.875969e-26 7.610300e-12 1.460818e+01 -1.111860e+01
4.051249e+14 1.893637e-26 7.671596e-12 1.460759e+01 -1.111511e+01
4.045781e+14 1.909578e-26 7.725735e-12 1.460700e+01 -1.111206e+01
4.040329e+14 1.979826e-26 7.999147e-12 1.460642e+01 -1.109696e+01
4.034891e+14 1.950720e-26 7.870942e-12 1.460583e+01 -1.110397e+01
4.029468e+14 1.928707e-26 7.771663e-12 1.460525e+01 -1.110949e+01
4.024059e+14 1.950300e-26 7.848121e-12 1.460466e+01 -1.110523e+01
4.018665e+14 1.918987e-26 7.711765e-12 1.460408e+01 -1.111285e+01
4.013285e+14 1.980943e-26 7.950088e-12 1.460350e+01 -1.109963e+01
4.007920e+14 2.011974e-26 8.063830e-12 1.460292e+01 -1.109346e+01
4.002569e+14 1.982353e-26 7.934503e-12 1.460234e+01 -1.110048e+01
3.997232e+14 1.983955e-26 7.930329e-12 1.460176e+01 -1.110071e+01
3.991909e+14 2.044815e-26 8.162716e-12 1.460118e+01 -1.108817e+01
3.986601e+14 2.042836e-26 8.143970e-12 1.460060e+01 -1.108916e+01
3.981307e+14 2.005445e-26 7.984291e-12 1.460003e+01 -1.109776e+01
3.976027e+14 2.064918e-26 8.210170e-12 1.459945e+01 -1.108565e+01
3.970760e+14 2.079759e-26 8.258224e-12 1.459887e+01 -1.108311e+01
3.965508e+14 2.092780e-26 8.298934e-12 1.459830e+01 -1.108098e+01
3.960269e+14 2.066327e-26 8.183213e-12 1.459772e+01 -1.108708e+01
3.955045e+14 1.977446e-26 7.820889e-12 1.459715e+01 -1.110674e+01
3.949834e+14 1.891101e-26 7.469537e-12 1.459658e+01 -1.112671e+01
3.944637e+14 1.795555e-26 7.082813e-12 1.459601e+01 -1.114979e+01
3.939453e+14 1.856958e-26 7.315400e-12 1.459544e+01 -1.113576e+01
3.934283e+14 1.988837e-26 7.824650e-12 1.459487e+01 -1.110654e+01
3.929127e+14 1.929058e-26 7.579514e-12 1.459430e+01 -1.112036e+01
3.923984e+14 1.937952e-26 7.604491e-12 1.459373e+01 -1.111893e+01
3.918855e+14 1.975700e-26 7.742482e-12 1.459316e+01 -1.111112e+01
3.913739e+14 1.920556e-26 7.516556e-12 1.459259e+01 -1.112398e+01
3.908636e+14 1.926540e-26 7.530144e-12 1.459203e+01 -1.112320e+01
3.903547e+14 1.894377e-26 7.394788e-12 1.459146e+01 -1.113107e+01
3.898471e+14 1.895429e-26 7.389275e-12 1.459089e+01 -1.113140e+01
3.893408e+14 1.912823e-26 7.447401e-12 1.459033e+01 -1.112800e+01
3.888358e+14 1.934583e-26 7.522353e-12 1.458977e+01 -1.112365e+01
3.883321e+14 1.959177e-26 7.608114e-12 1.458920e+01 -1.111872e+01
3.878298e+14 1.987804e-26 7.709294e-12 1.458864e+01 -1.111299e+01
3.873287e+14 2.022461e-26 7.833570e-12 1.458808e+01 -1.110604e+01
3.868289e+14 1.978378e-26 7.652940e-12 1.458752e+01 -1.111617e+01
3.863304e+14 2.009195e-26 7.762133e-12 1.458696e+01 -1.111002e+01
3.858332e+14 2.038169e-26 7.863933e-12 1.458640e+01 -1.110436e+01
3.853373e+14 1.986966e-26 7.656521e-12 1.458584e+01 -1.111597e+01
3.848426e+14 2.048675e-26 7.884174e-12 1.458528e+01 -1.110324e+01
3.843492e+14 2.053938e-26 7.894295e-12 1.458473e+01 -1.110269e+01
3.838571e+14 2.061211e-26 7.912105e-12 1.458417e+01 -1.110171e+01
3.833662e+14 2.032353e-26 7.791354e-12 1.458361e+01 -1.110839e+01
3.828766e+14 2.004333e-26 7.674122e-12 1.458306e+01 -1.111497e+01
3.823883e+14 1.986041e-26 7.594386e-12 1.458250e+01 -1.111951e+01
3.819011e+14 2.002645e-26 7.648125e-12 1.458195e+01 -1.111645e+01
3.814153e+14 1.991723e-26 7.596735e-12 1.458140e+01 -1.111937e+01
3.809306e+14 2.060459e-26 7.848919e-12 1.458085e+01 -1.110519e+01
3.804472e+14 2.009009e-26 7.643218e-12 1.458029e+01 -1.111672e+01
3.799650e+14 2.035577e-26 7.734481e-12 1.457974e+01 -1.111157e+01
3.794841e+14 1.945026e-26 7.381064e-12 1.457919e+01 -1.113188e+01
3.790043e+14 1.964337e-26 7.444920e-12 1.457864e+01 -1.112814e+01
3.785258e+14 1.968482e-26 7.451213e-12 1.457810e+01 -1.112777e+01
3.780484e+14 2.031074e-26 7.678444e-12 1.457755e+01 -1.111473e+01
3.775723e+14 1.951936e-26 7.369970e-12 1.457700e+01 -1.113253e+01
3.770974e+14 1.980310e-26 7.467697e-12 1.457645e+01 -1.112681e+01
3.766236e+14 2.038564e-26 7.677712e-12 1.457591e+01 -1.111477e+01
3.761511e+14 2.079986e-26 7.823889e-12 1.457536e+01 -1.110658e+01
3.756797e+14 2.051330e-26 7.706431e-12 1.457482e+01 -1.111315e+01
3.752095e+14 2.032155e-26 7.624838e-12 1.457427e+01 -1.111777e+01
3.747405e+14 2.072555e-26 7.766701e-12 1.457373e+01 -1.110976e+01
3.742727e+14 2.101127e-26 7.863944e-12 1.457319e+01 -1.110436e+01
3.738060e+14 2.093703e-26 7.826387e-12 1.457265e+01 -1.110644e+01
3.733405e+14 2.084528e-26 7.782387e-12 1.457211e+01 -1.110889e+01
3.728761e+14 2.096941e-26 7.818991e-12 1.457156e+01 -1.110685e+01
3.724129e+14 2.040657e-26 7.599672e-12 1.457102e+01 -1.111921e+01
3.719509e+14 2.135547e-26 7.943187e-12 1.457049e+01 -1.110001e+01
3.714900e+14 2.119035e-26 7.872002e-12 1.456995e+01 -1.110391e+01
3.710302e+14 2.120431e-26 7.867438e-12 1.456941e+01 -1.110417e+01
3.705716e+14 2.136644e-26 7.917795e-12 1.456887e+01 -1.110140e+01
3.701141e+14 2.101207e-26 7.776862e-12 1.456834e+01 -1.110920e+01
3.696577e+14 2.137070e-26 7.899842e-12 1.456780e+01 -1.110238e+01
3.692025e+14 2.150571e-26 7.939961e-12 1.456726e+01 -1.110018e+01
3.687483e+14 2.168244e-26 7.995363e-12 1.456673e+01 -1.109716e+01
3.682953e+14 2.223846e-26 8.190322e-12 1.456620e+01 -1.108670e+01
3.678434e+14 2.176744e-26 8.007008e-12 1.456566e+01 -1.109653e+01
3.673926e+14 2.212921e-26 8.130108e-12 1.456513e+01 -1.108990e+01
3.669430e+14 2.184590e-26 8.016201e-12 1.456460e+01 -1.109603e+01
3.664944e+14 2.195875e-26 8.047757e-12 1.456407e+01 -1.109433e+01
3.660469e+14 2.295306e-26 8.401895e-12 1.456354e+01 -1.107562e+01
3.656005e+14 2.261167e-26 8.266839e-12 1.456301e+01 -1.108266e+01
3.651552e+14 2.215774e-26 8.091013e-12 1.456248e+01 -1.109200e+01
3.647109e+14 2.241145e-26 8.173703e-12 1.456195e+01 -1.108758e+01
3.642678e+14 2.218797e-26 8.082364e-12 1.456142e+01 -1.109246e+01
3.638257e+14 2.260984e-26 8.226040e-12 1.456089e+01 -1.108481e+01
3.633847e+14 2.273180e-26 8.260390e-12 1.456037e+01 -1.108300e+01
3.629448e+14 2.276454e-26 8.262270e-12 1.455984e+01 -1.108290e+01
3.625059e+14 2.299937e-26 8.337409e-12 1.455932e+01 -1.107897e+01
3.620681e+14 2.350532e-26 8.510528e-12 1.455879e+01 -1.107004e+01
3.616314e+14 2.202292e-26 7.964179e-12 1.455827e+01 -1.109886e+01
3.611957e+14 2.220051e-26 8.018729e-12 1.455774e+01 -1.109589e+01
3.607610e+14 2.170750e-26 7.831219e-12 1.455722e+01 -1.110617e+01
3.603274e+14 2.173931e-26 7.833271e-12 1.455670e+01 -1.110606e+01
3.598948e+14 2.294693e-26 8.258480e-12 1.455618e+01 -1.108310e+01
3.594633e+14 2.166807e-26 7.788877e-12 1.455565e+01 -1.110853e+01
3.590328e+14 2.245506e-26 8.062102e-12 1.455513e+01 -1.109355e+01
3.586033e+14 2.221279e-26 7.965583e-12 1.455461e+01 -1.109878e+01
3.581749e+14 2.316783e-26 8.298137e-12 1.455410e+01 -1.108102e+01
3.577475e+14 2.196636e-26 7.858410e-12 1.455358e+01 -1.110467e+01
3.573211e+14 2.163045e-26 7.729017e-12 1.455306e+01 -1.111188e+01
3.568957e+14 2.248380e-26 8.024370e-12 1.455254e+01 -1.109559e+01
3.564713e+14 2.275105e-26 8.110098e-12 1.455202e+01 -1.109097e+01
3.560480e+14 2.239774e-26 7.974672e-12 1.455151e+01 -1.109829e+01
3.556256e+14 2.273803e-26 8.086227e-12 1.455099e+01 -1.109225e+01
3.552043e+14 2.262358e-26 8.035992e-12 1.455048e+01 -1.109496e+01
3.547839e+14 2.242867e-26 7.957329e-12 1.454996e+01 -1.109923e+01
3.543645e+14 2.201405e-26 7.800998e-12 1.454945e+01 -1.110785e+01
3.539462e+14 2.189414e-26 7.749345e-12 1.454894e+01 -1.111073e+01
3.535288e+14 2.268739e-26 8.020645e-12 1.454842e+01 -1.109579e+01
3.531124e+14 2.210181e-26 7.804421e-12 1.454791e+01 -1.110766e+01
3.526969e+14 2.091535e-26 7.376781e-12 1.454740e+01 -1.113213e+01
3.522825e+14 2.156154e-26 7.595755e-12 1.454689e+01 -1.111943e+01
3.518690e+14 2.191262e-26 7.710371e-12 1.454638e+01 -1.111292e+01
3.514565e+14 2.214091e-26 7.781566e-12 1.454587e+01 -1.110893e+01
3.510450e+14 2.064323e-26 7.246702e-12 1.454536e+01 -1.113986e+01
3.506344e+14 2.247772e-26 7.881462e-12 1.454485e+01 -1.110339e+01
3.502248e+14 2.246295e-26 7.867083e-12 1.454435e+01 -1.110419e+01
3.498161e+14 2.321976e-26 8.122645e-12 1.454384e+01 -1.109030e+01
3.494084e+14 2.304431e-26 8.051874e-12 1.454333e+01 -1.109410e+01
3.490016e+14 2.349304e-26 8.199108e-12 1.454283e+01 -1.108623e+01
3.485958e+14 2.294541e-26 7.998674e-12 1.454232e+01 -1.109698e+01
3.481909e+14 2.296959e-26 7.997803e-12 1.454182e+01 -1.109703e+01
3.477870e+14 2.364522e-26 8.223500e-12 1.454131e+01 -1.108494e+01
3.473840e+14 2.302262e-26 7.997689e-12 1.454081e+01 -1.109704e+01
3.469819e+14 2.324025e-26 8.063948e-12 1.454031e+01 -1.109345e+01
3.465808e+14 2.307785e-26 7.998340e-12 1.453980e+01 -1.109700e+01
3.461806e+14 2.173233e-26 7.523312e-12 1.453930e+01 -1.112359e+01
3.457813e+14 2.295758e-26 7.938304e-12 1.453880e+01 -1.110027e+01
3.453829e+14 2.350295e-26 8.117518e-12 1.453830e+01 -1.109058e+01
3.449855e+14 2.305122e-26 7.952338e-12 1.453780e+01 -1.109951e+01
3.445890e+14 2.431483e-26 8.378621e-12 1.453730e+01 -1.107683e+01
3.441933e+14 2.456758e-26 8.455996e-12 1.453680e+01 -1.107284e+01
3.437986e+14 2.479382e-26 8.524083e-12 1.453630e+01 -1.106935e+01
3.434048e+14 2.505345e-26 8.603476e-12 1.453581e+01 -1.106533e+01
3.430119e+14 2.507075e-26 8.599564e-12 1.453531e+01 -1.106552e+01
3.426199e+14 2.471580e-26 8.468124e-12 1.453481e+01 -1.107221e+01
3.422288e+14 2.456820e-26 8.407944e-12 1.453432e+01 -1.107531e+01
3.418385e+14 2.465211e-26 8.427040e-12 1.453382e+01 -1.107432e+01
3.414492e+14 2.469823e-26 8.433191e-12 1.453333e+01 -1.107401e+01
3.338445e+14 2.529071e-26 8.443167e-12 1.452354e+01 -1.107349e+01
3.265712e+14 2.654326e-26 8.668266e-12 1.451398e+01 -1.106207e+01
3.196081e+14 2.682538e-26 8.573608e-12 1.450462e+01 -1.106684e+01
3.129357e+14 2.802974e-26 8.771505e-12 1.449546e+01 -1.105693e+01
3.065362e+14 2.875684e-26 8.815011e-12 1.448648e+01 -1.105478e+01
3.003932e+14 2.944783e-26 8.845929e-12 1.447769e+01 -1.105326e+01
2.944916e+14 3.045956e-26 8.970083e-12 1.446907e+01 -1.104720e+01
2.888173e+14 3.110556e-26 8.983825e-12 1.446062e+01 -1.104654e+01
2.833577e+14 3.176438e-26 9.000680e-12 1.445233e+01 -1.104572e+01
2.781006e+14 3.260647e-26 9.067878e-12 1.444420e+01 -1.104249e+01
2.730350e+14 3.270316e-26 8.929107e-12 1.443622e+01 -1.104919e+01
2.681506e+14 3.304749e-26 8.861705e-12 1.442838e+01 -1.105248e+01
2.634380e+14 3.355997e-26 8.840971e-12 1.442068e+01 -1.105350e+01
2.588881e+14 3.399691e-26 8.801395e-12 1.441311e+01 -1.105545e+01
2.544927e+14 3.441122e-26 8.757405e-12 1.440568e+01 -1.105762e+01
2.502441e+14 3.468466e-26 8.679631e-12 1.439836e+01 -1.106150e+01
2.461350e+14 3.548215e-26 8.733398e-12 1.439117e+01 -1.105882e+01
2.421586e+14 3.575603e-26 8.658631e-12 1.438410e+01 -1.106255e+01
2.383087e+14 3.571490e-26 8.511174e-12 1.437714e+01 -1.107001e+01
2.345793e+14 3.606034e-26 8.459012e-12 1.437029e+01 -1.107268e+01
2.309649e+14 3.681052e-26 8.501937e-12 1.436355e+01 -1.107048e+01
2.274601e+14 3.771404e-26 8.578438e-12 1.435691e+01 -1.106659e+01
2.240601e+14 3.804422e-26 8.524191e-12 1.435036e+01 -1.106935e+01
2.207602e+14 3.776684e-26 8.337417e-12 1.434392e+01 -1.107897e+01
2.175562e+14 3.851330e-26 8.378806e-12 1.433757e+01 -1.107682e+01
2.144438e+14 3.832361e-26 8.218260e-12 1.433131e+01 -1.108522e+01
2.114192e+14 3.794886e-26 8.023116e-12 1.432514e+01 -1.109566e+01
2.084787e+14 3.872131e-26 8.072569e-12 1.431906e+01 -1.109299e+01
2.056189e+14 3.910778e-26 8.041300e-12 1.431306e+01 -1.109467e+01
2.028365e+14 4.037458e-26 8.189439e-12 1.430715e+01 -1.108675e+01
2.001284e+14 4.101038e-26 8.207344e-12 1.430131e+01 -1.108580e+01
1.974917e+14 4.289978e-26 8.472350e-12 1.429555e+01 -1.107200e+01
1.949235e+14 4.304333e-26 8.390158e-12 1.428986e+01 -1.107623e+01
1.924213e+14 4.372367e-26 8.413365e-12 1.428425e+01 -1.107503e+01
1.899825e+14 4.491885e-26 8.533796e-12 1.427871e+01 -1.106886e+01
1.876048e+14 4.653431e-26 8.730058e-12 1.427324e+01 -1.105898e+01
1.852858e+14 4.650279e-26 8.616307e-12 1.426784e+01 -1.106468e+01
1.830234e+14 4.603828e-26 8.426085e-12 1.426251e+01 -1.107437e+01
1.808157e+14 4.709718e-26 8.515909e-12 1.425724e+01 -1.106977e+01
1.786605e+14 4.799986e-26 8.575681e-12 1.425203e+01 -1.106673e+01
1.765562e+14 4.745604e-26 8.378657e-12 1.424688e+01 -1.107683e+01
1.745008e+14 4.714601e-26 8.227017e-12 1.424180e+01 -1.108476e+01
1.724928e+14 4.646452e-26 8.014793e-12 1.423677e+01 -1.109611e+01
1.705304e+14 4.570300e-26 7.793750e-12 1.423180e+01 -1.110825e+01
1.686121e+14 4.501506e-26 7.590086e-12 1.422689e+01 -1.111975e+01
1.667366e+14 4.348549e-26 7.250622e-12 1.422203e+01 -1.113962e+01
1.649023e+14 4.393729e-26 7.245361e-12 1.421723e+01 -1.113994e+01
1.631079e+14 4.256845e-26 6.943253e-12 1.421248e+01 -1.115844e+01
1.613522e+14 4.206011e-26 6.786491e-12 1.420777e+01 -1.116835e+01
1.596339e+14 4.170800e-26 6.658009e-12 1.420313e+01 -1.117666e+01
1.579517e+14 4.132340e-26 6.527103e-12 1.419852e+01 -1.118528e+01
1.563047e+14 4.026591e-26 6.293751e-12 1.419397e+01 -1.120109e+01
1.546916e+14 3.958059e-26 6.122787e-12 1.418947e+01 -1.121305e+01
1.531115e+14 3.918050e-26 5.998987e-12 1.418501e+01 -1.122192e+01
1.515634e+14 3.845602e-26 5.828525e-12 1.418059e+01 -1.123444e+01
1.500462e+14 3.791354e-26 5.688784e-12 1.417623e+01 -1.124498e+01
1.485592e+14 3.806118e-26 5.654337e-12 1.417190e+01 -1.124762e+01
1.471013e+14 3.726440e-26 5.481640e-12 1.416762e+01 -1.126109e+01
1.456717e+14 3.716484e-26 5.413866e-12 1.416338e+01 -1.126649e+01
1.442697e+14 3.618902e-26 5.220978e-12 1.415918e+01 -1.128225e+01
1.428944e+14 3.645533e-26 5.209262e-12 1.415502e+01 -1.128322e+01
1.415450e+14 3.616666e-26 5.119212e-12 1.415089e+01 -1.129080e+01
1.402210e+14 3.563700e-26 4.997054e-12 1.414681e+01 -1.130129e+01
1.389214e+14 3.523631e-26 4.895077e-12 1.414277e+01 -1.131024e+01
1.376457e+14 3.502008e-26 4.820364e-12 1.413876e+01 -1.131692e+01
1.363933e+14 3.460319e-26 4.719641e-12 1.413479e+01 -1.132609e+01
1.351634e+14 3.428258e-26 4.633750e-12 1.413086e+01 -1.133407e+01
1.339555e+14 3.368644e-26 4.512484e-12 1.412696e+01 -1.134558e+01
1.327690e+14 3.352100e-26 4.450550e-12 1.412310e+01 -1.135159e+01
1.316033e+14 3.319720e-26 4.368862e-12 1.411927e+01 -1.135963e+01
1.304580e+14 3.024486e-26 3.945683e-12 1.411547e+01 -1.140388e+01
1.293324e+14 2.911494e-26 3.765503e-12 1.411171e+01 -1.142418e+01
1.282260e+14 2.839884e-26 3.641469e-12 1.410798e+01 -1.143872e+01
1.271384e+14 2.669562e-26 3.394039e-12 1.410428e+01 -1.146928e+01
1.260691e+14 2.622186e-26 3.305767e-12 1.410061e+01 -1.148073e+01
1.250177e+14 2.640040e-26 3.300517e-12 1.409697e+01 -1.148142e+01
1.239836e+14 2.465373e-26 3.056659e-12 1.409336e+01 -1.151475e+01
1.229665e+14 2.459478e-26 3.024335e-12 1.408979e+01 -1.151937e+01
1.219660e+14 2.394838e-26 2.920887e-12 1.408624e+01 -1.153449e+01
1.209816e+14 2.391621e-26 2.893421e-12 1.408272e+01 -1.153859e+01
1.200130e+14 2.323823e-26 2.788888e-12 1.407923e+01 -1.155457e+01
1.190597e+14 2.459044e-26 2.927732e-12 1.407576e+01 -1.153347e+01
1.181215e+14 2.398840e-26 2.833546e-12 1.407233e+01 -1.154767e+01
1.171980e+14 2.327205e-26 2.727437e-12 1.406892e+01 -1.156425e+01
1.162888e+14 2.243696e-26 2.609166e-12 1.406554e+01 -1.158350e+01
1.153935e+14 2.327409e-26 2.685679e-12 1.406218e+01 -1.157095e+01
1.145120e+14 2.336370e-26 2.675424e-12 1.405885e+01 -1.157261e+01
1.136438e+14 2.365348e-26 2.688071e-12 1.405555e+01 -1.157056e+01
1.127887e+14 2.290678e-26 2.583627e-12 1.405227e+01 -1.158777e+01
1.119464e+14 2.259099e-26 2.528980e-12 1.404901e+01 -1.159705e+01
1.111165e+14 2.224839e-26 2.472164e-12 1.404578e+01 -1.160692e+01
1.102989e+14 2.184679e-26 2.409677e-12 1.404257e+01 -1.161804e+01
1.094932e+14 2.193807e-26 2.402069e-12 1.403939e+01 -1.161941e+01
1.086992e+14 2.253701e-26 2.449755e-12 1.403623e+01 -1.161088e+01
1.079166e+14 2.181583e-26 2.354291e-12 1.403309e+01 -1.162814e+01
1.071452e+14 2.102042e-26 2.252238e-12 1.402997e+01 -1.164739e+01
1.063848e+14 2.108207e-26 2.242812e-12 1.402688e+01 -1.164921e+01
1.056351e+14 2.032173e-26 2.146688e-12 1.402381e+01 -1.166823e+01
1.048959e+14 2.045090e-26 2.145215e-12 1.402076e+01 -1.166853e+01
1.041669e+14 2.164120e-26 2.254297e-12 1.401773e+01 -1.164699e+01
1.034480e+14 2.119836e-26 2.192928e-12 1.401472e+01 -1.165898e+01
1.027390e+14 2.099143e-26 2.156639e-12 1.401174e+01 -1.166622e+01
1.020396e+14 2.088898e-26 2.131503e-12 1.400877e+01 -1.167131e+01
1.013497e+14 2.008244e-26 2.035349e-12 1.400582e+01 -1.169136e+01
1.006690e+14 1.946081e-26 1.959101e-12 1.400290e+01 -1.170794e+01
9.999746e+13 1.986181e-26 1.986131e-12 1.399999e+01 -1.170199e+01
9.933479e+13 1.960723e-26 1.947680e-12 1.399710e+01 -1.171048e+01
9.868084e+13 1.944666e-26 1.919012e-12 1.399423e+01 -1.171692e+01
9.803545e+13 1.941180e-26 1.903044e-12 1.399138e+01 -1.172055e+01
9.739844e+13 1.810467e-26 1.763367e-12 1.398855e+01 -1.175366e+01
9.676966e+13 1.796879e-26 1.738834e-12 1.398574e+01 -1.175974e+01
9.614894e+13 1.875069e-26 1.802859e-12 1.398294e+01 -1.174404e+01
9.553614e+13 1.856192e-26 1.773334e-12 1.398017e+01 -1.175121e+01
9.493110e+13 1.894666e-26 1.798627e-12 1.397741e+01 -1.174506e+01
9.433367e+13 1.825540e-26 1.722098e-12 1.397467e+01 -1.176394e+01
9.374371e+13 1.828437e-26 1.714045e-12 1.397194e+01 -1.176598e+01
9.316109e+13 1.826213e-26 1.701320e-12 1.396923e+01 -1.176921e+01
9.258567e+13 1.762904e-26 1.632197e-12 1.396654e+01 -1.178723e+01
9.201731e+13 1.726536e-26 1.588712e-12 1.396387e+01 -1.179895e+01
9.145589e+13 1.781674e-26 1.629446e-12 1.396121e+01 -1.178796e+01
9.090127e+13 1.758475e-26 1.598476e-12 1.395857e+01 -1.179629e+01
9.035335e+13 1.664897e-26 1.504290e-12 1.395594e+01 -1.182267e+01
8.981198e+13 1.723816e-26 1.548193e-12 1.395333e+01 -1.181017e+01
8.927707e+13 1.727500e-26 1.542261e-12 1.395074e+01 -1.181184e+01
8.874849e+13 1.713289e-26 1.520518e-12 1.394816e+01 -1.181801e+01
8.822613e+13 1.738187e-26 1.533535e-12 1.394560e+01 -1.181431e+01
8.770989e+13 1.656270e-26 1.452713e-12 1.394305e+01 -1.183782e+01
8.719965e+13 1.651644e-26 1.440227e-12 1.394051e+01 -1.184157e+01
8.669532e+13 1.655993e-26 1.435669e-12 1.393800e+01 -1.184295e+01
8.619678e+13 1.644219e-26 1.417264e-12 1.393549e+01 -1.184855e+01
8.570395e+13 1.618580e-26 1.387187e-12 1.393300e+01 -1.185787e+01
8.521671e+13 1.607471e-26 1.369834e-12 1.393052e+01 -1.186333e+01
8.473499e+13 1.629089e-26 1.380408e-12 1.392806e+01 -1.185999e+01
8.425868e+13 1.609311e-26 1.355985e-12 1.392561e+01 -1.186775e+01
8.378770e+13 1.591298e-26 1.333312e-12 1.392318e+01 -1.187507e+01
8.332196e+13 1.576828e-26 1.313844e-12 1.392076e+01 -1.188146e+01
8.286136e+13 1.553568e-26 1.287308e-12 1.391835e+01 -1.189032e+01
8.240583e+13 1.556883e-26 1.282962e-12 1.391596e+01 -1.189179e+01
8.195528e+13 1.528787e-26 1.252921e-12 1.391358e+01 -1.190208e+01
8.150962e+13 1.537553e-26 1.253254e-12 1.391121e+01 -1.190196e+01
8.106879e+13 1.497734e-26 1.214195e-12 1.390885e+01 -1.191571e+01
8.063271e+13 1.508077e-26 1.216003e-12 1.390651e+01 -1.191507e+01
8.020128e+13 1.500025e-26 1.203039e-12 1.390418e+01 -1.191972e+01
7.977445e+13 1.445160e-26 1.152869e-12 1.390186e+01 -1.193822e+01
7.935214e+13 1.438553e-26 1.141523e-12 1.389956e+01 -1.194252e+01
7.893428e+13 1.452877e-26 1.146818e-12 1.389727e+01 -1.194051e+01
7.852080e+13 1.435666e-26 1.127296e-12 1.389498e+01 -1.194796e+01
7.811162e+13 1.435266e-26 1.121110e-12 1.389272e+01 -1.195035e+01
7.770669e+13 1.404317e-26 1.091248e-12 1.389046e+01 -1.196208e+01
7.730593e+13 1.410025e-26 1.090033e-12 1.388821e+01 -1.196256e+01
7.690929e+13 1.364229e-26 1.049219e-12 1.388598e+01 -1.197913e+01
7.651669e+13 1.377256e-26 1.053831e-12 1.388376e+01 -1.197723e+01
7.612809e+13 1.354175e-26 1.030908e-12 1.388154e+01 -1.198678e+01
7.574341e+13 1.343271e-26 1.017439e-12 1.387934e+01 -1.199249e+01
7.536259e+13 1.339211e-26 1.009264e-12 1.387716e+01 -1.199600e+01
7.498559e+13 1.238279e-26 9.285309e-13 1.387498e+01 -1.203220e+01
7.461234e+13 1.102248e-26 8.224132e-13 1.387281e+01 -1.208491e+01
7.424279e+13 1.183931e-26 8.789835e-13 1.387065e+01 -1.205602e+01
7.387689e+13 1.063735e-26 7.858543e-13 1.386851e+01 -1.210466e+01
7.351457e+13 1.241363e-26 9.125829e-13 1.386637e+01 -1.203973e+01
7.315578e+13 1.145475e-26 8.379809e-13 1.386425e+01 -1.207677e+01
7.280049e+13 1.145545e-26 8.339620e-13 1.386213e+01 -1.207885e+01
7.244862e+13 1.114525e-26 8.074577e-13 1.386003e+01 -1.209288e+01
7.210014e+13 1.030506e-26 7.429965e-13 1.385794e+01 -1.212901e+01
7.175500e+13 1.152800e-26 8.271917e-13 1.385585e+01 -1.208239e+01
7.141315e+13 1.141292e-26 8.150326e-13 1.385378e+01 -1.208883e+01
7.107454e+13 1.089675e-26 7.744815e-13 1.385171e+01 -1.211099e+01
7.073912e+13 1.090596e-26 7.714779e-13 1.384966e+01 -1.211268e+01
7.040686e+13 1.057449e-26 7.445164e-13 1.384761e+01 -1.212813e+01
7.007770e+13 9.958848e-27 6.978932e-13 1.384558e+01 -1.215621e+01
6.975161e+13 9.973318e-27 6.956549e-13 1.384355e+01 -1.215761e+01
6.942853e+13 1.059294e-26 7.354521e-13 1.384154e+01 -1.213345e+01
6.910844e+13 9.671603e-27 6.683894e-13 1.383953e+01 -1.217497e+01
6.879128e+13 1.027866e-26 7.070825e-13 1.383753e+01 -1.215053e+01
6.847702e+13 9.076571e-27 6.215365e-13 1.383554e+01 -1.220653e+01
6.816562e+13 9.394716e-27 6.403967e-13 1.383357e+01 -1.219355e+01
6.785704e+13 9.140627e-27 6.202559e-13 1.383159e+01 -1.220743e+01
6.755124e+13 9.456425e-27 6.387933e-13 1.382963e+01 -1.219464e+01
6.724818e+13 9.026250e-27 6.069989e-13 1.382768e+01 -1.221681e+01
6.694783e+13 9.041568e-27 6.053134e-13 1.382574e+01 -1.221802e+01
6.665016e+13 8.424870e-27 5.615189e-13 1.382380e+01 -1.225064e+01
6.635511e+13 8.546881e-27 5.671293e-13 1.382187e+01 -1.224632e+01
6.606267e+13 7.702962e-27 5.088782e-13 1.381996e+01 -1.229339e+01
6.577280e+13 9.435738e-27 6.206148e-13 1.381805e+01 -1.220718e+01
6.548545e+13 8.059600e-27 5.277866e-13 1.381614e+01 -1.227754e+01
6.520061e+13 8.852239e-27 5.771714e-13 1.381425e+01 -1.223870e+01
6.491823e+13 8.439174e-27 5.478563e-13 1.381237e+01 -1.226133e+01
6.463829e+13 8.194539e-27 5.296810e-13 1.381049e+01 -1.227599e+01
6.436076e+13 7.624086e-27 4.906919e-13 1.380862e+01 -1.230919e+01
6.408559e+13 7.783124e-27 4.987861e-13 1.380676e+01 -1.230209e+01
6.381277e+13 8.299206e-27 5.295953e-13 1.380491e+01 -1.227606e+01
6.354226e+13 7.255965e-27 4.610604e-13 1.380306e+01 -1.233624e+01
6.327404e+13 7.718659e-27 4.883907e-13 1.380123e+01 -1.231123e+01
6.300807e+13 8.616628e-27 5.429171e-13 1.379940e+01 -1.226527e+01
6.274433e+13 8.149423e-27 5.113301e-13 1.379757e+01 -1.229130e+01
6.248278e+13 7.749066e-27 4.841833e-13 1.379576e+01 -1.231499e+01
6.222341e+13 7.821427e-27 4.866759e-13 1.379395e+01 -1.231276e+01
6.196618e+13 7.221602e-27 4.474951e-13 1.379215e+01 -1.234921e+01
6.171107e+13 7.520143e-27 4.640761e-13 1.379036e+01 -1.233341e+01
6.145806e+13 7.311816e-27 4.493700e-13 1.378858e+01 -1.234740e+01
6.120710e+13 7.141845e-27 4.371316e-13 1.378680e+01 -1.235939e+01
6.095819e+13 7.084321e-27 4.318474e-13 1.378503e+01 -1.236467e+01
6.071130e+13 7.632929e-27 4.634051e-13 1.378327e+01 -1.233404e+01
6.046640e+13 7.178233e-27 4.340419e-13 1.378151e+01 -1.236247e+01
6.022346e+13 6.865171e-27 4.134444e-13 1.377977e+01 -1.238358e+01
5.998247e+13 7.324877e-27 4.393643e-13 1.377802e+01 -1.235718e+01
5.974340e+13 7.377829e-27 4.407766e-13 1.377629e+01 -1.235578e+01
5.950623e+13 7.071671e-27 4.208085e-13 1.377456e+01 -1.237592e+01
5.927094e+13 6.765819e-27 4.010164e-13 1.377284e+01 -1.239684e+01
5.903750e+13 7.603585e-27 4.488966e-13 1.377113e+01 -1.234785e+01
5.880588e+13 6.613789e-27 3.889297e-13 1.376942e+01 -1.241013e+01
5.857608e+13 6.573742e-27 3.850640e-13 1.376772e+01 -1.241447e+01
5.834807e+13 6.616550e-27 3.860629e-13 1.376603e+01 -1.241334e+01
5.812183e+13 6.579916e-27 3.824368e-13 1.376434e+01 -1.241744e+01
5.789733e+13 6.524501e-27 3.777512e-13 1.376266e+01 -1.242279e+01
5.767457e+13 6.053260e-27 3.491191e-13 1.376098e+01 -1.245703e+01
5.745351e+13 6.154474e-27 3.535961e-13 1.375932e+01 -1.245149e+01
5.723414e+13 5.950358e-27 3.405636e-13 1.375766e+01 -1.246780e+01
5.701643e+13 6.952829e-27 3.964255e-13 1.375600e+01 -1.240184e+01
5.680038e+13 6.297739e-27 3.577140e-13 1.375435e+01 -1.244646e+01
5.658596e+13 5.439445e-27 3.077962e-13 1.375271e+01 -1.251174e+01
5.637315e+13 6.635034e-27 3.740377e-13 1.375107e+01 -1.242708e+01
5.616193e+13 6.495076e-27 3.647760e-13 1.374944e+01 -1.243797e+01
5.595230e+13 5.886720e-27 3.293755e-13 1.374782e+01 -1.248231e+01
5.574422e+13 6.018133e-27 3.354761e-13 1.374620e+01 -1.247434e+01
5.553768e+13 6.134746e-27 3.407096e-13 1.374459e+01 -1.246762e+01
5.533267e+13 6.093528e-27 3.371712e-13 1.374298e+01 -1.247215e+01
5.512917e+13 6.005552e-27 3.310811e-13 1.374138e+01 -1.248007e+01
5.492715e+13 6.500804e-27 3.570707e-13 1.373979e+01 -1.244725e+01
5.472662e+13 6.224310e-27 3.406354e-13 1.373820e+01 -1.246771e+01
5.452754e+13 6.556730e-27 3.575224e-13 1.373662e+01 -1.244670e+01
5.432990e+13 6.441532e-27 3.499678e-13 1.373504e+01 -1.245597e+01
5.413369e+13 6.017954e-27 3.257741e-13 1.373347e+01 -1.248708e+01
5.393890e+13 5.872806e-27 3.167727e-13 1.373190e+01 -1.249925e+01
5.374550e+13 5.662765e-27 3.043482e-13 1.373034e+01 -1.251663e+01
5.355348e+13 6.318867e-27 3.383973e-13 1.372879e+01 -1.247057e+01
5.336283e+13 5.877981e-27 3.136657e-13 1.372724e+01 -1.250353e+01
5.317354e+13 6.027427e-27 3.204996e-13 1.372570e+01 -1.249417e+01
5.298558e+13 5.533046e-27 2.931716e-13 1.372416e+01 -1.253288e+01
5.279894e+13 5.821039e-27 3.073447e-13 1.372263e+01 -1.251237e+01
5.261362e+13 6.228902e-27 3.277251e-13 1.372110e+01 -1.248449e+01
5.242959e+13 5.618806e-27 2.945917e-13 1.371958e+01 -1.253078e+01
5.224685e+13 5.679806e-27 2.967520e-13 1.371806e+01 -1.252761e+01
5.206537e+13 5.607323e-27 2.919474e-13 1.371655e+01 -1.253470e+01
5.188515e+13 5.716512e-27 2.966021e-13 1.371504e+01 -1.252783e+01
5.170617e+13 5.344370e-27 2.763369e-13 1.371354e+01 -1.255856e+01
5.152843e+13 5.284594e-27 2.723068e-13 1.371205e+01 -1.256494e+01
5.135190e+13 6.022769e-27 3.092806e-13 1.371056e+01 -1.250965e+01
5.117658e+13 5.573883e-27 2.852523e-13 1.370907e+01 -1.254477e+01
5.100245e+13 5.200128e-27 2.652193e-13 1.370759e+01 -1.257639e+01
5.082950e+13 5.200161e-27 2.643216e-13 1.370612e+01 -1.257787e+01
5.065772e+13 5.027311e-27 2.546721e-13 1.370465e+01 -1.259402e+01
5.048710e+13 5.772322e-27 2.914278e-13 1.370318e+01 -1.253547e+01
5.031762e+13 5.638741e-27 2.837280e-13 1.370172e+01 -1.254710e+01
5.014928e+13 5.510011e-27 2.763231e-13 1.370026e+01 -1.255858e+01
4.998206e+13 5.281113e-27 2.639609e-13 1.369881e+01 -1.257846e+01
4.981595e+13 5.236705e-27 2.608714e-13 1.369737e+01 -1.258357e+01
4.965094e+13 4.889641e-27 2.427753e-13 1.369593e+01 -1.261480e+01
4.948703e+13 5.628342e-27 2.785299e-13 1.369449e+01 -1.255513e+01
4.932419e+13 5.544248e-27 2.734655e-13 1.369306e+01 -1.256310e+01
4.916241e+13 5.542938e-27 2.725042e-13 1.369163e+01 -1.256463e+01
4.900170e+13 5.435540e-27 2.663507e-13 1.369021e+01 -1.257455e+01
4.884203e+13 5.296684e-27 2.587008e-13 1.368879e+01 -1.258720e+01
4.868340e+13 4.946450e-27 2.408100e-13 1.368738e+01 -1.261833e+01
4.852580e+13 5.338368e-27 2.590486e-13 1.368597e+01 -1.258662e+01
4.836922e+13 5.293509e-27 2.560429e-13 1.368457e+01 -1.259169e+01
4.821364e+13 5.224880e-27 2.519105e-13 1.368317e+01 -1.259875e+01
4.805906e+13 5.417004e-27 2.603361e-13 1.368178e+01 -1.258447e+01
4.790547e+13 5.393921e-27 2.583983e-13 1.368039e+01 -1.258771e+01
4.775285e+13 5.238185e-27 2.501383e-13 1.367900e+01 -1.260182e+01
4.760121e+13 4.916004e-27 2.340077e-13 1.367762e+01 -1.263077e+01
4.745052e+13 5.010199e-27 2.377366e-13 1.367624e+01 -1.262390e+01
4.730079e+13 5.214784e-27 2.466634e-13 1.367487e+01 -1.260790e+01
4.715200e+13 5.007463e-27 2.361119e-13 1.367350e+01 -1.262688e+01
4.700414e+13 4.902754e-27 2.304497e-13 1.367214e+01 -1.263742e+01
4.685721e+13 4.948338e-27 2.318653e-13 1.367078e+01 -1.263476e+01
4.671119e+13 5.105125e-27 2.384664e-13 1.366942e+01 -1.262257e+01
4.656608e+13 5.117936e-27 2.383222e-13 1.366807e+01 -1.262284e+01
4.642186e+13 4.737527e-27 2.199248e-13 1.366672e+01 -1.265773e+01
4.627854e+13 4.990171e-27 2.309379e-13 1.366538e+01 -1.263650e+01
4.613610e+13 4.972499e-27 2.294117e-13 1.366404e+01 -1.263938e+01
4.599454e+13 4.998970e-27 2.299253e-13 1.366271e+01 -1.263841e+01
4.585384e+13 4.880896e-27 2.238078e-13 1.366138e+01 -1.265012e+01
4.571400e+13 4.713072e-27 2.154534e-13 1.366005e+01 -1.266665e+01
4.557501e+13 4.606868e-27 2.099581e-13 1.365873e+01 -1.267787e+01
4.543686e+13 4.757874e-27 2.161829e-13 1.365741e+01 -1.266518e+01
4.529955e+13 4.711969e-27 2.134501e-13 1.365609e+01 -1.267070e+01
4.516306e+13 4.639199e-27 2.095205e-13 1.365478e+01 -1.267877e+01
4.502740e+13 4.786570e-27 2.155268e-13 1.365348e+01 -1.266650e+01
4.489254e+13 4.767041e-27 2.140046e-13 1.365217e+01 -1.266958e+01
4.475850e+13 4.685139e-27 2.096998e-13 1.365088e+01 -1.267840e+01
4.462525e+13 4.770963e-27 2.129054e-13 1.364958e+01 -1.267181e+01
4.449279e+13 4.663734e-27 2.075025e-13 1.364829e+01 -1.268298e+01
4.436111e+13 4.731957e-27 2.099149e-13 1.364700e+01 -1.267796e+01
4.423022e+13 4.538225e-27 2.007267e-13 1.364572e+01 -1.269739e+01
4.410009e+13 4.493717e-27 1.981733e-13 1.364444e+01 -1.270295e+01
4.397072e+13 4.536990e-27 1.994947e-13 1.364316e+01 -1.270007e+01
4.384212e+13 4.207400e-27 1.844613e-13 1.364189e+01 -1.273409e+01
4.371426e+13 4.218147e-27 1.843932e-13 1.364062e+01 -1.273426e+01
4.358715e+13 4.158893e-27 1.812743e-13 1.363936e+01 -1.274166e+01
4.346077e+13 4.528452e-27 1.968100e-13 1.363810e+01 -1.270595e+01
4.333513e+13 4.043951e-27 1.752451e-13 1.363684e+01 -1.275635e+01
4.321020e+13 4.381944e-27 1.893447e-13 1.363559e+01 -1.272275e+01
4.308600e+13 4.470841e-27 1.926307e-13 1.363434e+01 -1.271527e+01
4.296251e+13 4.077624e-27 1.751850e-13 1.363309e+01 -1.275650e+01
4.283973e+13 4.170186e-27 1.786496e-13 1.363185e+01 -1.274800e+01
4.271764e+13 4.045251e-27 1.728036e-13 1.363061e+01 -1.276245e+01
4.259625e+13 4.396931e-27 1.872927e-13 1.362937e+01 -1.272748e+01
4.247555e+13 4.014606e-27 1.705226e-13 1.362814e+01 -1.276822e+01
4.235552e+13 3.838317e-27 1.625739e-13 1.362691e+01 -1.278895e+01
4.223618e+13 3.914639e-27 1.653394e-13 1.362568e+01 -1.278162e+01
4.211750e+13 4.008278e-27 1.688187e-13 1.362446e+01 -1.277258e+01
4.199950e+13 3.985657e-27 1.673956e-13 1.362324e+01 -1.277626e+01
4.188215e+13 4.078693e-27 1.708244e-13 1.362203e+01 -1.276745e+01
4.176545e+13 4.233497e-27 1.768139e-13 1.362082e+01 -1.275248e+01
4.164940e+13 4.214584e-27 1.755349e-13 1.361961e+01 -1.275564e+01
4.153400e+13 3.810299e-27 1.582569e-13 1.361840e+01 -1.280064e+01
4.141923e+13 4.032736e-27 1.670328e-13 1.361720e+01 -1.277720e+01
4.130510e+13 4.011804e-27 1.657080e-13 1.361600e+01 -1.278066e+01
4.119159e+13 3.717352e-27 1.531236e-13 1.361481e+01 -1.281496e+01
4.107871e+13 3.882985e-27 1.595080e-13 1.361362e+01 -1.279722e+01
4.096644e+13 3.680943e-27 1.507951e-13 1.361243e+01 -1.282161e+01
4.085478e+13 3.840787e-27 1.569145e-13 1.361124e+01 -1.280434e+01
4.074373e+13 3.817303e-27 1.555312e-13 1.361006e+01 -1.280818e+01
4.063329e+13 3.841658e-27 1.560992e-13 1.360888e+01 -1.280660e+01
4.052344e+13 3.808594e-27 1.543373e-13 1.360771e+01 -1.281153e+01
4.041418e+13 3.845478e-27 1.554118e-13 1.360653e+01 -1.280852e+01
4.030551e+13 3.806286e-27 1.534143e-13 1.360536e+01 -1.281413e+01
4.019743e+13 3.850529e-27 1.547814e-13 1.360420e+01 -1.281028e+01
4.008992e+13 3.878554e-27 1.554909e-13 1.360304e+01 -1.280829e+01
3.998298e+13 3.759012e-27 1.502965e-13 1.360188e+01 -1.282305e+01
3.987662e+13 3.526657e-27 1.406312e-13 1.360072e+01 -1.285192e+01
3.977081e+13 3.649944e-27 1.451612e-13 1.359956e+01 -1.283815e+01
3.966557e+13 3.778142e-27 1.498622e-13 1.359841e+01 -1.282431e+01
3.956089e+13 3.624663e-27 1.433949e-13 1.359727e+01 -1.284347e+01
3.945675e+13 3.592633e-27 1.417536e-13 1.359612e+01 -1.284847e+01
3.935316e+13 3.615383e-27 1.422768e-13 1.359498e+01 -1.284687e+01
3.925012e+13 3.676540e-27 1.443046e-13 1.359384e+01 -1.284072e+01
3.914761e+13 3.520562e-27 1.378216e-13 1.359271e+01 -1.286068e+01
3.904564e+13 3.628030e-27 1.416587e-13 1.359157e+01 -1.284876e+01
3.894419e+13 3.516568e-27 1.369499e-13 1.359044e+01 -1.286344e+01
3.884328e+13 3.593550e-27 1.395853e-13 1.358932e+01 -1.285516e+01
3.874288e+13 3.572872e-27 1.384233e-13 1.358819e+01 -1.285879e+01
3.864300e+13 3.368016e-27 1.301503e-13 1.358707e+01 -1.288555e+01
3.854364e+13 3.403285e-27 1.311750e-13 1.358595e+01 -1.288215e+01
3.844478e+13 3.520658e-27 1.353509e-13 1.358484e+01 -1.286854e+01
3.834643e+13 3.323967e-27 1.274623e-13 1.358372e+01 -1.289462e+01
3.824858e+13 3.318803e-27 1.269395e-13 1.358262e+01 -1.289640e+01
3.815123e+13 3.378346e-27 1.288881e-13 1.358151e+01 -1.288979e+01
3.805438e+13 3.413908e-27 1.299141e-13 1.358040e+01 -1.288634e+01
3.795801e+13 3.369808e-27 1.279112e-13 1.357930e+01 -1.289309e+01
3.786214e+13 3.261303e-27 1.234799e-13 1.357821e+01 -1.290840e+01
3.776674e+13 3.277800e-27 1.237918e-13 1.357711e+01 -1.290731e+01
3.767183e+13 3.206988e-27 1.208131e-13 1.357602e+01 -1.291789e+01
3.757739e+13 3.233579e-27 1.215094e-13 1.357493e+01 -1.291539e+01
3.748342e+13 3.245610e-27 1.216566e-13 1.357384e+01 -1.291486e+01
3.738992e+13 3.196414e-27 1.195137e-13 1.357275e+01 -1.292258e+01
3.729689e+13 3.212380e-27 1.198118e-13 1.357167e+01 -1.292150e+01
3.720432e+13 3.311548e-27 1.232039e-13 1.357059e+01 -1.290938e+01
3.711221e+13 3.137284e-27 1.164315e-13 1.356952e+01 -1.293393e+01
3.702055e+13 3.277746e-27 1.213439e-13 1.356844e+01 -1.291598e+01
3.692934e+13 3.127310e-27 1.154895e-13 1.356737e+01 -1.293746e+01
3.683858e+13 3.188412e-27 1.174566e-13 1.356630e+01 -1.293012e+01
3.674827e+13 3.197546e-27 1.175043e-13 1.356524e+01 -1.292995e+01
3.665840e+13 2.991413e-27 1.096604e-13 1.356417e+01 -1.295995e+01
3.656897e+13 3.096553e-27 1.132378e-13 1.356311e+01 -1.294601e+01
3.647997e+13 3.051798e-27 1.113295e-13 1.356205e+01 -1.295339e+01
3.639141e+13 3.080042e-27 1.120871e-13 1.356100e+01 -1.295044e+01
3.630327e+13 3.142045e-27 1.140665e-13 1.355995e+01 -1.294284e+01
3.621556e+13 2.961500e-27 1.072524e-13 1.355890e+01 -1.296959e+01
3.612827e+13 3.116026e-27 1.125766e-13 1.355785e+01 -1.294855e+01
3.604140e+13 2.960651e-27 1.067060e-13 1.355680e+01 -1.297181e+01
3.595495e+13 3.029701e-27 1.089327e-13 1.355576e+01 -1.296284e+01
3.586892e+13 3.009841e-27 1.079597e-13 1.355472e+01 -1.296674e+01
3.578329e+13 2.918230e-27 1.044239e-13 1.355368e+01 -1.298120e+01
3.569807e+13 2.929863e-27 1.045905e-13 1.355264e+01 -1.298051e+01
3.561326e+13 2.906600e-27 1.035135e-13 1.355161e+01 -1.298500e+01
3.552885e+13 2.997589e-27 1.065009e-13 1.355058e+01 -1.297265e+01
3.544483e+13 2.943686e-27 1.043385e-13 1.354955e+01 -1.298156e+01
3.536122e+13 2.780591e-27 9.832509e-14 1.354853e+01 -1.300734e+01
3.527799e+13 3.014283e-27 1.063379e-13 1.354750e+01 -1.297331e+01
3.519516e+13 2.883140e-27 1.014726e-13 1.354648e+01 -1.299365e+01
3.511272e+13 2.899089e-27 1.017949e-13 1.354546e+01 -1.299227e+01
3.503066e+13 2.903066e-27 1.016963e-13 1.354445e+01 -1.299269e+01
3.494899e+13 2.805494e-27 9.804917e-14 1.354343e+01 -1.300856e+01
3.486769e+13 2.709344e-27 9.446856e-14 1.354242e+01 -1.302471e+01
3.478677e+13 2.814646e-27 9.791246e-14 1.354141e+01 -1.300916e+01
3.470623e+13 2.771367e-27 9.618370e-14 1.354041e+01 -1.301690e+01
3.462606e+13 2.862991e-27 9.913407e-14 1.353940e+01 -1.300378e+01
3.454625e+13 2.767416e-27 9.560385e-14 1.353840e+01 -1.301952e+01
3.446682e+13 2.626146e-27 9.051489e-14 1.353740e+01 -1.304328e+01
3.438775e+13 2.835418e-27 9.750364e-14 1.353640e+01 -1.301098e+01
3.430904e+13 2.718056e-27 9.325389e-14 1.353541e+01 -1.303033e+01
3.423069e+13 2.785929e-27 9.536428e-14 1.353442e+01 -1.302061e+01
3.415270e+13 2.692389e-27 9.195236e-14 1.353343e+01 -1.303644e+01
3.407506e+13 2.786015e-27 9.493365e-14 1.353244e+01 -1.302258e+01
3.399778e+13 2.688893e-27 9.141640e-14 1.353145e+01 -1.303898e+01
3.392084e+13 2.606194e-27 8.840429e-14 1.353047e+01 -1.305353e+01
3.384425e+13 2.555129e-27 8.647645e-14 1.352948e+01 -1.306310e+01
3.376801e+13 2.629838e-27 8.880440e-14 1.352851e+01 -1.305157e+01
3.369211e+13 2.769105e-27 9.329700e-14 1.352753e+01 -1.303013e+01
3.361655e+13 2.763285e-27 9.289210e-14 1.352655e+01 -1.303202e+01
3.354133e+13 2.670752e-27 8.958056e-14 1.352558e+01 -1.304779e+01
3.346644e+13 2.628167e-27 8.795540e-14 1.352461e+01 -1.305574e+01
3.339189e+13 2.569504e-27 8.580059e-14 1.352364e+01 -1.306651e+01
3.331767e+13 2.693435e-27 8.973897e-14 1.352267e+01 -1.304702e+01
3.324378e+13 2.511529e-27 8.349270e-14 1.352171e+01 -1.307835e+01
3.317021e+13 2.623545e-27 8.702356e-14 1.352075e+01 -1.306036e+01
3.309698e+13 2.610919e-27 8.641353e-14 1.351979e+01 -1.306342e+01
3.302406e+13 2.611636e-27 8.624683e-14 1.351883e+01 -1.306426e+01
3.295146e+13 2.526113e-27 8.323913e-14 1.351787e+01 -1.307967e+01
3.287918e+13 2.607946e-27 8.574712e-14 1.351692e+01 -1.306678e+01
3.280722e+13 2.513548e-27 8.246253e-14 1.351597e+01 -1.308374e+01
3.273558e+13 2.519054e-27 8.246269e-14 1.351502e+01 -1.308374e+01
3.266424e+13 2.553859e-27 8.341987e-14 1.351407e+01 -1.307873e+01
3.259322e+13 2.581950e-27 8.415404e-14 1.351313e+01 -1.307493e+01
3.252250e+13 2.497477e-27 8.122419e-14 1.351218e+01 -1.309031e+01
3.245209e+13 2.563817e-27 8.320123e-14 1.351124e+01 -1.307987e+01
3.238198e+13 2.416179e-27 7.824067e-14 1.351030e+01 -1.310657e+01
3.231218e+13 2.448680e-27 7.912217e-14 1.350937e+01 -1.310170e+01
3.224268e+13 2.468049e-27 7.957651e-14 1.350843e+01 -1.309922e+01
3.217347e+13 2.562508e-27 8.244477e-14 1.350750e+01 -1.308384e+01
3.210456e+13 2.532857e-27 8.131625e-14 1.350657e+01 -1.308982e+01
3.203595e+13 2.427820e-27 7.777751e-14 1.350564e+01 -1.310915e+01
3.196763e+13 2.495395e-27 7.977184e-14 1.350471e+01 -1.309815e+01
3.189960e+13 2.472113e-27 7.885942e-14 1.350379e+01 -1.310315e+01
3.183185e+13 2.531000e-27 8.056643e-14 1.350286e+01 -1.309385e+01
3.176440e+13 2.488814e-27 7.905569e-14 1.350194e+01 -1.310207e+01
3.169723e+13 2.396849e-27 7.597346e-14 1.350102e+01 -1.311934e+01
3.163034e+13 2.363629e-27 7.476241e-14 1.350010e+01 -1.312632e+01
3.156374e+13 2.427830e-27 7.663140e-14 1.349919e+01 -1.311559e+01
3.149742e+13 2.442826e-27 7.694270e-14 1.349827e+01 -1.311383e+01
3.143137e+13 2.460572e-27 7.733913e-14 1.349736e+01 -1.311160e+01
3.136560e+13 2.382398e-27 7.472534e-14 1.349645e+01 -1.312653e+01
3.130010e+13 2.364059e-27 7.399530e-14 1.349555e+01 -1.313080e+01
3.123488e+13 2.388161e-27 7.459394e-14 1.349464e+01 -1.312730e+01
3.116993e+13 2.329164e-27 7.259988e-14 1.349374e+01 -1.313906e+01
3.110525e+13 2.378213e-27 7.397490e-14 1.349283e+01 -1.313092e+01
3.104084e+13 2.367876e-27 7.350085e-14 1.349193e+01 -1.313371e+01
3.097669e+13 2.370618e-27 7.343391e-14 1.349104e+01 -1.313410e+01
3.091281e+13 2.378264e-27 7.351883e-14 1.349014e+01 -1.313360e+01
3.091281e+12 6.987882e-27 2.160151e-13 1.200000e+01 -2.000000e+01
3.091281e+11 6.987882e-27 2.160151e-13 1.100000e+01 -2.000000e+01
3.091281e+10 6.987882e-27 2.160151e-13 1.000000e+01 -2.000000e+01
3.091281e+09 6.987882e-27 2.160151e-13 9.000000e+00 -2.000000e+01
3.091281e+08 6.987882e-27 2.160151e-13 8.000000e+00 -2.000000e+01
3.091281e+07 6.987882e-27 2.160151e-13 7.000000e+00 -2.000000e+01